0 0.861526 0.681553 0.033318 0.049101
0 0.935178 0.971769 0.050852 0.036824
0 0.897475 0.873567 0.052606 0.047346
0 0.832592 0.807809 0.045591 0.042086
0 0.721242 0.792027 0.050852 0.042086
0 0.779986 0.702594 0.031565 0.042086
0 0.643209 0.816576 0.028057 0.052606
0 0.610768 0.817453 0.040334 0.040331
0 0.407354 0.983691 0.071898 0.032617
0 0.331948 0.880582 0.061375 0.047346
0 0.417877 0.713994 0.057868 0.064883
0 0.616029 0.607902 0.078909 0.038579
0 0.982933 0.479891 0.034134 0.028057
0 0.430149 0.443067 0.068391 0.052606
0 0.308275 0.260698 0.045591 0.052606
0 0.091712 0.862170 0.033318 0.042086
0 0.038229 0.977555 0.052606 0.044891
0 0.246023 0.236146 0.033318 0.045594
