0 0.331902 0.230543 0.050225 0.039365
0 0.792083 0.186424 0.033937 0.043439
0 0.853168 0.189140 0.025791 0.057014
0 0.701132 0.392761 0.047511 0.054299
0 0.791405 0.409730 0.062442 0.031221
0 0.783258 0.447737 0.040726 0.033937
0 0.857917 0.459955 0.040726 0.047512
0 0.532126 0.508822 0.051582 0.047512
0 0.579637 0.537331 0.035294 0.058372
0 0.895929 0.542082 0.054300 0.038010
0 0.782515 0.689047 0.038843 0.037405
0 0.463122 0.744436 0.044598 0.035967
0 0.643680 0.812056 0.028772 0.044599
0 0.635049 0.852340 0.037408 0.030214
0 0.724966 0.799109 0.053234 0.053232
0 0.795462 0.792634 0.044598 0.025897
0 0.828554 0.891186 0.050354 0.027335
0 0.974342 0.766737 0.051317 0.054670
0 0.290474 0.881113 0.044598 0.061864
