0 0.426756 0.370554 0.041907 0.050289
0 0.319195 0.744225 0.050287 0.020954
0 0.777379 0.140763 0.044701 0.029335
0 0.687280 0.205018 0.040510 0.026543
0 0.702644 0.363571 0.029334 0.030734
0 0.812303 0.384520 0.030733 0.044700
0 0.803221 0.209209 0.023747 0.046098
0 0.943611 0.149842 0.033527 0.055878
0 0.767602 0.568217 0.050287 0.032128
0 0.827667 0.587075 0.044701 0.053082
0 0.905894 0.360774 0.025144 0.050289
0 0.940818 0.325152 0.022350 0.043306
0 0.965961 0.256005 0.022350 0.036318
0 0.980630 0.675778 0.037717 0.043306
0 0.853512 0.915349 0.032130 0.055878
0 0.575440 0.014807 0.044493 0.029613
