0 0.975565 0.596154 0.048869 0.071945
0 0.980996 0.049097 0.038008 0.074658
0 0.970858 0.512292 0.036876 0.030928
0 0.916733 0.085249 0.061856 0.047580
0 0.879263 0.170302 0.053530 0.027360
0 0.812648 0.276169 0.070182 0.036877
0 0.833467 0.346946 0.068993 0.047580
0 0.876287 0.657414 0.047582 0.052338
0 0.786479 0.509320 0.051149 0.082080
0 0.715108 0.581878 0.053530 0.055906
0 0.700237 0.214909 0.038065 0.040445
0 0.682394 0.136992 0.059478 0.051148
0 0.731760 0.017050 0.055908 0.034099
0 0.617731 0.937411 0.061212 0.041317
0 0.629972 0.494389 0.058151 0.042849
0 0.610080 0.420169 0.048969 0.053562
0 0.370588 0.639769 0.047440 0.070394
0 0.246635 0.632883 0.038257 0.071926
