0 0.861526 0.818447 0.033318 0.049101
0 0.935178 0.528231 0.050852 0.036824
0 0.897475 0.626433 0.052606 0.047346
0 0.832592 0.692191 0.045591 0.042086
0 0.721242 0.707973 0.050852 0.042086
0 0.779986 0.797406 0.031565 0.042086
0 0.643209 0.683424 0.028057 0.052606
0 0.610768 0.682547 0.040334 0.040331
0 0.798397 0.389700 0.050852 0.040331
0 0.661620 0.216976 0.054360 0.042086
0 0.647594 0.177519 0.064883 0.040331
0 0.374035 0.300268 0.033318 0.047346
0 0.522212 0.199439 0.059622 0.035071
0 0.375789 0.465981 0.057868 0.045594
0 0.407354 0.508067 0.071898 0.049101
0 0.331948 0.619418 0.061375 0.047346
0 0.417877 0.786006 0.057868 0.064883
0 0.616029 0.892098 0.078909 0.038579
0 0.091712 0.637830 0.033318 0.042086
0 0.038229 0.522094 0.052606 0.045594
0 0.820597 0.012409 0.057840 0.024819
0 0.713811 0.406713 0.034112 0.031146
