0 0.861526 0.318447 0.033318 0.049101
0 0.935178 0.028231 0.050852 0.036824
0 0.897475 0.126433 0.052606 0.047346
0 0.832592 0.192191 0.045591 0.042086
0 0.721242 0.207973 0.050852 0.042086
0 0.779986 0.297406 0.031565 0.042086
0 0.643209 0.183424 0.028057 0.052606
0 0.610768 0.182547 0.040334 0.040331
0 0.407354 0.016309 0.071898 0.032617
0 0.331948 0.119418 0.061375 0.047346
0 0.417877 0.286006 0.057868 0.064883
0 0.616029 0.392098 0.078909 0.038579
0 0.982933 0.520109 0.034134 0.028057
0 0.430149 0.556933 0.068391 0.052606
0 0.308275 0.739302 0.045591 0.052606
0 0.091712 0.137830 0.033318 0.042086
0 0.038229 0.022445 0.052606 0.044891
0 0.246023 0.763854 0.033318 0.045594
