0 0.332534 0.056519 0.059682 0.042850
0 0.559782 0.484238 0.058149 0.022955
0 0.610283 0.367170 0.055089 0.058151
0 0.646246 0.175117 0.047442 0.047440
0 0.719700 0.200367 0.044377 0.030606
0 0.762549 0.299836 0.050502 0.036728
0 0.896451 0.395481 0.052029 0.044379
0 0.907163 0.297541 0.045909 0.050500
0 0.861254 0.307489 0.045909 0.048969
0 0.885738 0.107783 0.076514 0.053561
0 0.712048 0.602070 0.056622 0.041318
0 0.788562 0.585239 0.053562 0.044379
0 0.862782 0.819373 0.052029 0.038257
0 0.838297 0.783411 0.042849 0.030606
0 0.538362 0.058048 0.067334 0.036728
0 0.221589 0.048868 0.039789 0.036728
0 0.306517 0.802540 0.062742 0.050500
0 0.474854 0.824729 0.068862 0.027545
0 0.181920 0.945829 0.066009 0.033005
0 0.942572 0.833356 0.045286 0.033472
