0 0.809562 0.022252 0.047478 0.044504
0 0.680077 0.222186 0.058989 0.050355
0 0.645549 0.184778 0.050354 0.047478
0 0.504554 0.209237 0.079131 0.038846
0 0.369318 0.294120 0.053234 0.056111
0 0.794455 0.391235 0.063305 0.046038
0 0.946242 0.514243 0.076251 0.061864
0 0.908834 0.609197 0.056109 0.058987
0 0.857040 0.677536 0.044598 0.054670
0 0.724680 0.722138 0.044598 0.048917
0 0.646269 0.686887 0.034528 0.047478
0 0.584405 0.696241 0.057549 0.048917
0 0.411042 0.517120 0.061865 0.070496
0 0.364283 0.475397 0.066180 0.050355
0 0.329751 0.614953 0.066180 0.044599
0 0.018127 0.603444 0.036254 0.050355
0 0.031938 0.522875 0.057549 0.056111
0 0.868795 0.820496 0.044492 0.060807
0 0.785003 0.796024 0.045974 0.050425
0 0.585526 0.885010 0.053391 0.050425
0 0.412745 0.778970 0.060808 0.057840
0 0.716035 0.405973 0.059322 0.038561
0 0.520269 0.546124 0.050423 0.040043
