0 0.138474 0.318447 0.033318 0.049101
0 0.064822 0.028231 0.050852 0.036824
0 0.102525 0.126433 0.052606 0.047346
0 0.167408 0.192191 0.045591 0.042086
0 0.278758 0.207973 0.050852 0.042086
0 0.220014 0.297406 0.031565 0.042086
0 0.356791 0.183424 0.028057 0.052606
0 0.389232 0.182547 0.040334 0.040331
0 0.592646 0.016309 0.071898 0.032617
0 0.668052 0.119418 0.061375 0.047346
0 0.582123 0.286006 0.057868 0.064883
0 0.383971 0.392098 0.078909 0.038579
0 0.017067 0.520109 0.034134 0.028057
0 0.569851 0.556933 0.068391 0.052606
0 0.691725 0.739302 0.045591 0.052606
0 0.908288 0.137830 0.033318 0.042086
0 0.961771 0.022445 0.052606 0.044891
0 0.753977 0.763854 0.033318 0.045594
