0 0.541440 0.981700 0.050289 0.036600
0 0.396863 0.981002 0.046098 0.037997
0 0.337491 0.881682 0.044700 0.037717
0 0.265551 0.880984 0.054480 0.053084
0 0.907431 0.945241 0.041908 0.050287
0 0.954226 0.983657 0.051688 0.032130
0 0.980987 0.478318 0.038027 0.039225
0 0.859011 0.688331 0.042494 0.070278
0 0.780563 0.698955 0.049029 0.058837
0 0.550938 0.724285 0.057203 0.057201
0 0.494552 0.633581 0.052297 0.052300
0 0.414471 0.707942 0.071912 0.040858
0 0.290262 0.490574 0.071912 0.047395
0 0.472491 0.230715 0.031052 0.044127
0 0.653082 0.609883 0.052297 0.027784
0 0.981586 0.800282 0.035954 0.039225
