0 0.444178 0.984511 0.045129 0.021956
0 0.327377 0.854072 0.063803 0.029864
0 0.149546 0.838462 0.047511 0.039365
0 0.025565 0.930090 0.051130 0.032579
0 0.359957 0.682352 0.039365 0.044797
0 0.290043 0.698643 0.046154 0.044797
0 0.541854 0.539141 0.036651 0.043439
0 0.682351 0.506561 0.043440 0.029864
0 0.865609 0.554751 0.032580 0.031221
0 0.169909 0.621945 0.044797 0.032579
0 0.078280 0.698643 0.046154 0.025793
0 0.137828 0.256565 0.036318 0.060067
0 0.495022 0.482126 0.038008 0.025793
0 0.049429 0.271324 0.025980 0.018402
