0 0.977748 0.190438 0.044504 0.047478
0 0.777814 0.319923 0.050355 0.058989
0 0.815222 0.354451 0.047478 0.050354
0 0.790763 0.495446 0.038846 0.079131
0 0.705880 0.630682 0.056111 0.053234
0 0.608765 0.205545 0.046038 0.063305
0 0.485757 0.053758 0.061864 0.076251
0 0.390803 0.091166 0.058987 0.056109
0 0.322464 0.142960 0.054670 0.044598
0 0.277862 0.275320 0.048917 0.044598
0 0.313113 0.353731 0.047478 0.034528
0 0.303759 0.415595 0.048917 0.057549
0 0.482880 0.588958 0.070496 0.061865
0 0.524603 0.635717 0.050355 0.066180
0 0.385047 0.670249 0.044599 0.066180
0 0.396556 0.981873 0.050355 0.036254
0 0.477125 0.968062 0.056111 0.057549
0 0.179504 0.131205 0.060807 0.044492
0 0.203976 0.214997 0.050425 0.045974
0 0.114990 0.414474 0.050425 0.053391
0 0.221030 0.587255 0.057840 0.060808
0 0.594027 0.283965 0.038561 0.059322
0 0.453876 0.479731 0.040043 0.050423
