0 0.667466 0.056519 0.059682 0.042850
0 0.440218 0.484238 0.058149 0.022955
0 0.389717 0.367170 0.055089 0.058151
0 0.353754 0.175117 0.047442 0.047440
0 0.280300 0.200367 0.044377 0.030606
0 0.237451 0.299836 0.050502 0.036728
0 0.103549 0.395481 0.052029 0.044379
0 0.092837 0.297541 0.045909 0.050500
0 0.138746 0.307489 0.045909 0.048969
0 0.114262 0.107783 0.076514 0.053561
0 0.287952 0.602070 0.056622 0.041318
0 0.211438 0.585239 0.053562 0.044379
0 0.137218 0.819373 0.052029 0.038257
0 0.161703 0.783411 0.042849 0.030606
0 0.461638 0.058048 0.067334 0.036728
0 0.778411 0.048868 0.039789 0.036728
0 0.693483 0.802540 0.062742 0.050500
0 0.525146 0.824729 0.068862 0.027545
0 0.818080 0.945829 0.066009 0.033005
0 0.057428 0.833356 0.045286 0.033472
