0 0.603145 0.203740 0.036001 0.053100
0 0.591444 0.280240 0.028802 0.031500
0 0.821852 0.360792 0.034202 0.045000
0 0.776851 0.346845 0.041401 0.045900
0 0.986980 0.193840 0.026040 0.044100
0 0.173959 0.144142 0.053987 0.049754
0 0.203070 0.208185 0.050812 0.067749
0 0.150671 0.350565 0.028581 0.034934
0 0.100919 0.386555 0.030700 0.051872
0 0.037069 0.094683 0.029020 0.047594
0 0.216995 0.596735 0.052237 0.065008
0 0.334817 0.392431 0.027859 0.048752
0 0.318565 0.359348 0.030180 0.038308
0 0.329593 0.290278 0.033664 0.044109
0 0.359773 0.119643 0.033664 0.062682
0 0.477081 0.057954 0.030032 0.066388
0 0.681769 0.632509 0.050578 0.045840
0 0.545837 0.602477 0.034773 0.055320
0 0.473921 0.607217 0.058484 0.039517
0 0.373551 0.668860 0.037935 0.045840
0 0.468389 0.973918 0.047419 0.052158
0 0.311116 0.812698 0.052159 0.061643
