0 0.943066 0.702594 0.052606 0.038579
0 0.853634 0.678045 0.052606 0.066635
0 0.785248 0.703472 0.059622 0.054361
0 0.940435 0.980536 0.064883 0.036824
0 0.919394 0.922668 0.068391 0.047346
0 0.660743 0.932312 0.052606 0.056113
0 0.712472 0.801671 0.064883 0.050853
0 0.801905 0.945465 0.061375 0.043839
0 0.399462 0.973171 0.063129 0.053658
0 0.296880 0.974924 0.064883 0.050152
0 0.324060 0.868307 0.080663 0.050853
0 0.467852 0.750818 0.059622 0.047346
0 0.420503 0.713994 0.049098 0.047346
0 0.374912 0.668400 0.077155 0.068388
0 0.100482 0.720131 0.057868 0.056113
0 0.038229 0.975801 0.056114 0.048398
0 0.363512 0.447452 0.061375 0.047346
0 0.399462 0.247546 0.059622 0.036824
0 0.431026 0.543897 0.052606 0.050853
0 0.594983 0.611410 0.036826 0.035071
