0 0.555822 0.984511 0.045129 0.021956
0 0.672623 0.854072 0.063803 0.029864
0 0.850454 0.838462 0.047511 0.039365
0 0.974435 0.930090 0.051130 0.032579
0 0.640043 0.682352 0.039365 0.044797
0 0.709957 0.698643 0.046154 0.044797
0 0.458146 0.539141 0.036651 0.043439
0 0.317649 0.506561 0.043440 0.029864
0 0.134391 0.554751 0.032580 0.031221
0 0.830091 0.621945 0.044797 0.032579
0 0.921720 0.698643 0.046154 0.025793
0 0.862172 0.256565 0.036318 0.060067
0 0.504978 0.482126 0.038008 0.025793
0 0.950571 0.271324 0.025980 0.018402
