0 0.702594 0.056934 0.038579 0.052606
0 0.678045 0.146366 0.066635 0.052606
0 0.703472 0.214752 0.054361 0.059622
0 0.980536 0.059565 0.036824 0.064883
0 0.922668 0.080606 0.047346 0.068391
0 0.932312 0.339257 0.056113 0.052606
0 0.801671 0.287528 0.050853 0.064883
0 0.945465 0.198095 0.043839 0.061375
0 0.973171 0.600538 0.053658 0.063129
0 0.974924 0.703120 0.050152 0.064883
0 0.868307 0.675940 0.050853 0.080663
0 0.750818 0.532148 0.047346 0.059622
0 0.713994 0.579497 0.047346 0.049098
0 0.668400 0.625088 0.068388 0.077155
0 0.720131 0.899518 0.056113 0.057868
0 0.975801 0.961771 0.048398 0.056114
0 0.447452 0.636488 0.047346 0.061375
0 0.247546 0.600538 0.036824 0.059622
0 0.543897 0.568974 0.050853 0.052606
0 0.611410 0.405017 0.035071 0.036826
