0 0.506232 0.019999 0.031652 0.038846
0 0.590398 0.020430 0.056109 0.040860
0 0.040187 0.015394 0.080373 0.030788
0 0.091886 0.090495 0.077691 0.082007
0 0.200509 0.097689 0.061865 0.038846
0 0.329994 0.092652 0.044598 0.046038
0 0.661037 0.127308 0.054360 0.038579
0 0.279515 0.186277 0.032626 0.038561
0 0.043702 0.284160 0.044492 0.038561
0 0.140846 0.318271 0.031145 0.065257
0 0.214258 0.308631 0.026695 0.048943
0 0.614694 0.325688 0.035594 0.044493
0 0.578357 0.281935 0.054872 0.034111
0 0.511618 0.234477 0.057840 0.045975
0 0.425597 0.381303 0.054872 0.037078
0 0.533865 0.345710 0.031145 0.040043
0 0.900931 0.343485 0.029663 0.062290
0 0.632491 0.746143 0.050423 0.031146
0 0.649545 0.609700 0.045974 0.054875
0 0.879252 0.695095 0.053617 0.045038
