0 0.316826 0.937886 0.033789 0.030035
0 0.119722 0.899717 0.050058 0.023778
0 0.358125 0.818372 0.036291 0.038794
0 0.287417 0.788963 0.032538 0.032538
0 0.303686 0.811487 0.027531 0.032538
0 0.139120 0.795845 0.033789 0.023778
0 0.231105 0.623144 0.042549 0.021275
0 0.195437 0.660061 0.033789 0.035040
0 0.137242 0.686342 0.035040 0.037543
0 0.359375 0.646296 0.048808 0.035040
0 0.436969 0.527408 0.051309 0.055064
0 0.300543 0.393156 0.038728 0.025819
0 0.219617 0.405070 0.027803 0.037732
0 0.140671 0.180655 0.050640 0.029788
0 0.153580 0.223354 0.052629 0.031774
0 0.053292 0.173210 0.034754 0.034755
0 0.548791 0.175692 0.036738 0.025819
0 0.484743 0.313716 0.033762 0.023833
0 0.706369 0.197951 0.057794 0.030417
0 0.837165 0.110754 0.037514 0.062863
0 0.319766 0.055658 0.028052 0.052448
