0 0.629446 0.330602 0.050289 0.041907
0 0.255775 0.223041 0.020954 0.050287
0 0.859237 0.681225 0.029335 0.044701
0 0.794982 0.591126 0.026543 0.040510
0 0.636429 0.606490 0.030734 0.029334
0 0.615480 0.716149 0.044700 0.030733
0 0.790791 0.707068 0.046098 0.023747
0 0.850158 0.847457 0.055878 0.033527
0 0.942355 0.982260 0.055878 0.026540
0 0.431783 0.671448 0.032128 0.050287
0 0.412925 0.731513 0.053082 0.044701
0 0.639226 0.809740 0.050289 0.025144
0 0.674848 0.844664 0.043306 0.022350
0 0.743995 0.869808 0.036318 0.022350
0 0.573572 0.915907 0.067052 0.025144
0 0.324222 0.884476 0.043306 0.037717
0 0.084651 0.757358 0.055878 0.032130
0 0.397560 0.977510 0.033526 0.044980
0 0.033152 0.974817 0.032123 0.037263
0 0.985193 0.479286 0.029613 0.044493
