0 0.056934 0.297406 0.052606 0.038579
0 0.146366 0.321955 0.052606 0.066635
0 0.214752 0.296528 0.059622 0.054361
0 0.059565 0.019464 0.064883 0.036824
0 0.080606 0.077332 0.068391 0.047346
0 0.339257 0.067688 0.052606 0.056113
0 0.287528 0.198329 0.064883 0.050853
0 0.198095 0.054535 0.061375 0.043839
0 0.600538 0.026829 0.063129 0.053658
0 0.703120 0.025076 0.064883 0.050152
0 0.675940 0.131693 0.080663 0.050853
0 0.532148 0.249182 0.059622 0.047346
0 0.579497 0.286006 0.049098 0.047346
0 0.625088 0.331600 0.077155 0.068388
0 0.899518 0.279869 0.057868 0.056113
0 0.961771 0.024199 0.056114 0.048398
0 0.636488 0.552548 0.061375 0.047346
0 0.600538 0.752454 0.059622 0.036824
0 0.568974 0.456103 0.052606 0.050853
0 0.405017 0.388590 0.036826 0.035071
