0 0.138474 0.818447 0.033318 0.049101
0 0.064822 0.528231 0.050852 0.036824
0 0.102525 0.626433 0.052606 0.047346
0 0.167408 0.692191 0.045591 0.042086
0 0.278758 0.707973 0.050852 0.042086
0 0.220014 0.797406 0.031565 0.042086
0 0.356791 0.683424 0.028057 0.052606
0 0.389232 0.682547 0.040334 0.040331
0 0.201603 0.389700 0.050852 0.040331
0 0.338380 0.216976 0.054360 0.042086
0 0.352406 0.177519 0.064883 0.040331
0 0.625965 0.300268 0.033318 0.047346
0 0.477788 0.199439 0.059622 0.035071
0 0.624211 0.465981 0.057868 0.045594
0 0.592646 0.508067 0.071898 0.049101
0 0.668052 0.619418 0.061375 0.047346
0 0.582123 0.786006 0.057868 0.064883
0 0.383971 0.892098 0.078909 0.038579
0 0.908288 0.637830 0.033318 0.042086
0 0.961771 0.522094 0.052606 0.045594
0 0.179403 0.012409 0.057840 0.024819
0 0.286189 0.406713 0.034112 0.031146
