0 0.190438 0.022252 0.047478 0.044504
0 0.319923 0.222186 0.058989 0.050355
0 0.354451 0.184778 0.050354 0.047478
0 0.495446 0.209237 0.079131 0.038846
0 0.630682 0.294120 0.053234 0.056111
0 0.205545 0.391235 0.063305 0.046038
0 0.053758 0.514243 0.076251 0.061864
0 0.091166 0.609197 0.056109 0.058987
0 0.142960 0.677536 0.044598 0.054670
0 0.275320 0.722138 0.044598 0.048917
0 0.353731 0.686887 0.034528 0.047478
0 0.415595 0.696241 0.057549 0.048917
0 0.588958 0.517120 0.061865 0.070496
0 0.635717 0.475397 0.066180 0.050355
0 0.670249 0.614953 0.066180 0.044599
0 0.981873 0.603444 0.036254 0.050355
0 0.968062 0.522875 0.057549 0.056111
0 0.131205 0.820496 0.044492 0.060807
0 0.214997 0.796024 0.045974 0.050425
0 0.414474 0.885010 0.053391 0.050425
0 0.587255 0.778970 0.060808 0.057840
0 0.283965 0.405973 0.059322 0.038561
0 0.479731 0.546124 0.050423 0.040043
