0 0.796260 0.396855 0.053100 0.036001
0 0.719760 0.408556 0.031500 0.028802
0 0.639208 0.178148 0.045000 0.034202
0 0.653155 0.223149 0.045900 0.041401
0 0.806160 0.013020 0.044100 0.026040
0 0.855858 0.826041 0.049754 0.053987
0 0.791815 0.796930 0.067749 0.050812
0 0.649435 0.849329 0.034934 0.028581
0 0.613445 0.899081 0.051872 0.030700
0 0.905317 0.962931 0.047594 0.029020
0 0.403265 0.783005 0.065008 0.052237
0 0.607569 0.665183 0.048752 0.027859
0 0.640652 0.681435 0.038308 0.030180
0 0.709722 0.670407 0.044109 0.033664
0 0.880357 0.640227 0.062682 0.033664
0 0.942046 0.522919 0.066388 0.030032
0 0.367491 0.318231 0.045840 0.050578
0 0.397523 0.454163 0.055320 0.034773
0 0.392783 0.526079 0.039517 0.058484
0 0.331140 0.626449 0.045840 0.037935
0 0.026082 0.531611 0.052158 0.047419
0 0.187302 0.688884 0.061643 0.052159
