0 0.955232 0.518916 0.083229 0.034049
0 0.915512 0.560530 0.045397 0.068097
0 0.802962 0.401640 0.054854 0.037831
0 0.711222 0.406368 0.041612 0.058639
0 0.722571 0.180328 0.056746 0.068097
0 0.650695 0.173708 0.034048 0.062422
0 0.372637 0.290984 0.034048 0.069987
0 0.506935 0.430013 0.037832 0.049182
0 0.400062 0.527426 0.066203 0.047289
0 0.290354 0.504728 0.054854 0.077552
0 0.331966 0.625789 0.066203 0.039724
0 0.453028 0.735498 0.062423 0.035939
0 0.403846 0.790352 0.085122 0.039724
0 0.436948 0.844264 0.071880 0.041614
0 0.716898 0.687264 0.052962 0.060529
0 0.661098 0.552017 0.081337 0.054854
0 0.786886 0.488650 0.071880 0.049182
0 0.056746 0.741173 0.075660 0.077552
0 0.785654 0.792745 0.039789 0.041318
0 0.866760 0.814172 0.052029 0.068863
0 0.647931 0.894512 0.073454 0.058151
