0 0.824252 0.900752 0.038220 0.030938
0 0.653178 0.776996 0.034578 0.030938
0 0.640440 0.800655 0.049140 0.020019
0 0.370177 0.676899 0.040038 0.049137
0 0.798775 0.605011 0.052777 0.021839
0 0.654997 0.598640 0.060060 0.030938
0 0.945282 0.483984 0.050958 0.023659
0 0.805145 0.351128 0.058237 0.023659
0 0.645900 0.332018 0.038220 0.029118
0 0.523962 0.437575 0.063697 0.021839
0 0.401118 0.479435 0.032760 0.047317
0 0.326497 0.383886 0.043680 0.030938
0 0.036217 0.475795 0.038220 0.036398
0 0.863806 0.183087 0.034772 0.034773
0 0.859851 0.317440 0.039517 0.022130
0 0.791095 0.209168 0.034772 0.026870
0 0.706532 0.129347 0.030032 0.034773
0 0.535828 0.177555 0.048997 0.042676
0 0.422815 0.246311 0.037934 0.044257
0 0.463117 0.104057 0.039517 0.050578
0 0.086935 0.124606 0.042678 0.041097
0 0.749275 0.160994 0.043500 0.030037
0 0.716765 0.590063 0.034528 0.034529
0 0.660378 0.892156 0.045462 0.027060
