0 0.769457 0.331902 0.039365 0.050225
0 0.813576 0.792083 0.043439 0.033937
0 0.810860 0.853168 0.057014 0.025791
0 0.607239 0.701132 0.054299 0.047511
0 0.590270 0.791405 0.031221 0.062442
0 0.552263 0.783258 0.033937 0.040726
0 0.540045 0.857917 0.047512 0.040726
0 0.491178 0.532126 0.047512 0.051582
0 0.462669 0.579637 0.058372 0.035294
0 0.457918 0.895929 0.038010 0.054300
0 0.310953 0.782515 0.037405 0.038843
0 0.255564 0.463122 0.035967 0.044598
0 0.187944 0.643680 0.044599 0.028772
0 0.147660 0.635049 0.030214 0.037408
0 0.200891 0.724966 0.053232 0.053234
0 0.207366 0.795462 0.025897 0.044598
0 0.108814 0.828554 0.027335 0.050354
0 0.233263 0.974342 0.054670 0.051317
0 0.118887 0.290474 0.061864 0.044598
