0 0.596154 0.024435 0.071945 0.048869
0 0.049097 0.019004 0.074658 0.038008
0 0.512292 0.029142 0.030928 0.036876
0 0.085249 0.083267 0.047580 0.061856
0 0.170302 0.120737 0.027360 0.053530
0 0.276169 0.187352 0.036877 0.070182
0 0.346946 0.166533 0.047580 0.068993
0 0.657414 0.123713 0.052338 0.047582
0 0.509320 0.213521 0.082080 0.051149
0 0.581878 0.284892 0.055906 0.053530
0 0.214909 0.299763 0.040445 0.038065
0 0.136992 0.317606 0.051148 0.059478
0 0.017050 0.268240 0.034099 0.055908
0 0.937411 0.382269 0.041317 0.061212
0 0.494389 0.370028 0.042849 0.058151
0 0.420169 0.389920 0.053562 0.048969
0 0.639769 0.629412 0.070394 0.047440
0 0.632883 0.753365 0.071926 0.038257
