0 0.983984 0.054718 0.023659 0.050958
0 0.851128 0.194855 0.023659 0.058237
0 0.832018 0.354100 0.029118 0.038220
0 0.937575 0.476038 0.021839 0.063697
0 0.977888 0.598882 0.044223 0.032760
0 0.883886 0.673503 0.030938 0.043680
0 0.975795 0.963783 0.036398 0.038220
0 0.487093 0.015148 0.031613 0.030296
0 0.683087 0.136194 0.034773 0.034772
0 0.817440 0.140149 0.022130 0.039517
0 0.709168 0.208905 0.026870 0.034772
0 0.629347 0.293468 0.034773 0.030032
0 0.677555 0.464172 0.042676 0.048997
0 0.746311 0.577185 0.044257 0.037934
0 0.604057 0.536883 0.050578 0.039517
0 0.624606 0.913065 0.041097 0.042678
0 0.183615 0.353532 0.044257 0.033194
0 0.660994 0.250725 0.030037 0.043500
