0 0.963120 0.987782 0.066517 0.024435
0 0.919006 0.953167 0.038008 0.066516
0 0.659049 0.936877 0.061085 0.042081
0 0.498868 0.980317 0.096378 0.039366
0 0.394343 0.972851 0.058371 0.051583
0 0.266742 0.946381 0.036651 0.066516
0 0.330545 0.875792 0.066517 0.036653
0 0.910182 0.670815 0.039365 0.066516
0 0.860635 0.681675 0.024434 0.077376
0 0.777148 0.705429 0.047511 0.024435
0 0.722852 0.816065 0.042083 0.063800
0 0.492762 0.740724 0.054300 0.048870
0 0.410635 0.706110 0.044797 0.063800
0 0.439818 0.646380 0.051582 0.036653
0 0.028505 0.769910 0.054300 0.042081
0 0.661763 0.609727 0.088237 0.044797
0 0.292532 0.484162 0.063803 0.038010
0 0.474392 0.229326 0.053082 0.034923
0 0.390577 0.395558 0.039115 0.037717
