0 0.062114 0.683174 0.030035 0.033789
0 0.100283 0.880278 0.023778 0.050058
0 0.181628 0.641875 0.038794 0.036291
0 0.211037 0.712583 0.032538 0.032538
0 0.188513 0.696314 0.032538 0.027531
0 0.204155 0.860880 0.023778 0.033789
0 0.376856 0.768895 0.021275 0.042549
0 0.339939 0.804563 0.035040 0.033789
0 0.313658 0.862758 0.037543 0.035040
0 0.353704 0.640625 0.035040 0.048808
0 0.472592 0.563031 0.055064 0.051309
0 0.606844 0.699457 0.025819 0.038728
0 0.594930 0.780383 0.037732 0.027803
0 0.819345 0.859329 0.029788 0.050640
0 0.776646 0.846420 0.031774 0.052629
0 0.826790 0.946708 0.034755 0.034754
0 0.824308 0.451209 0.025819 0.036738
0 0.686284 0.515257 0.023833 0.033762
0 0.802049 0.293631 0.030417 0.057794
0 0.889246 0.162835 0.062863 0.037514
0 0.944342 0.680234 0.052448 0.028052
