0 0.634980 0.128841 0.031712 0.034152
0 0.643518 0.186170 0.034154 0.029274
0 0.653885 0.217272 0.042688 0.025614
0 0.806958 0.098350 0.048789 0.024393
0 0.792323 0.392299 0.036591 0.026834
0 0.944178 0.515489 0.045129 0.021956
0 0.714263 0.405106 0.026834 0.032932
0 0.578875 0.429502 0.048789 0.032932
0 0.362986 0.327655 0.043911 0.046349
0 0.397735 0.516289 0.029866 0.044797
0 0.827377 0.645928 0.063803 0.029864
0 0.649546 0.661538 0.047511 0.039365
0 0.523980 0.569910 0.054300 0.032579
0 0.327826 0.620815 0.047511 0.031221
0 0.859957 0.817648 0.039365 0.044797
0 0.790043 0.801357 0.046154 0.044797
0 0.669909 0.878055 0.044797 0.032579
0 0.578280 0.801357 0.046154 0.025793
0 0.424209 0.755202 0.023077 0.042081
0 0.431672 0.799999 0.035294 0.017646
0 0.445251 0.848189 0.040726 0.040723
0 0.120974 0.806201 0.033526 0.037717
0 0.961735 0.279938 0.040445 0.032117
0 0.635806 0.029541 0.042822 0.026169
