0 0.861526 0.777706 0.033318 0.049101
0 0.897475 0.969721 0.052606 0.047346
0 0.832592 0.903963 0.045591 0.042086
0 0.721242 0.888181 0.050852 0.042086
0 0.779986 0.798748 0.031565 0.042086
0 0.643209 0.912730 0.028057 0.052606
0 0.610768 0.913607 0.040334 0.040331
0 0.331948 0.976531 0.061375 0.046938
0 0.417877 0.810148 0.057868 0.064883
0 0.616029 0.704056 0.078909 0.038579
0 0.982933 0.576045 0.034134 0.028057
0 0.430149 0.539221 0.068391 0.052606
0 0.308275 0.356852 0.045591 0.052606
0 0.091712 0.958323 0.033318 0.042086
0 0.246023 0.332300 0.033318 0.045594
