0 0.370554 0.426756 0.050289 0.041907
0 0.744225 0.319195 0.020954 0.050287
0 0.140763 0.777379 0.029335 0.044701
0 0.205018 0.687280 0.026543 0.040510
0 0.363571 0.702644 0.030734 0.029334
0 0.384520 0.812303 0.044700 0.030733
0 0.209209 0.803221 0.046098 0.023747
0 0.149842 0.943611 0.055878 0.033527
0 0.568217 0.767602 0.032128 0.050287
0 0.587075 0.827667 0.053082 0.044701
0 0.360774 0.905894 0.050289 0.025144
0 0.325152 0.940818 0.043306 0.022350
0 0.256005 0.965961 0.036318 0.022350
0 0.675778 0.980630 0.043306 0.037717
0 0.915349 0.853512 0.055878 0.032130
0 0.014807 0.575440 0.029613 0.044493
