0 0.549097 0.019004 0.074658 0.038008
0 0.585249 0.083267 0.047580 0.061856
0 0.670302 0.120737 0.027360 0.053530
0 0.776169 0.187352 0.036877 0.070182
0 0.846946 0.166533 0.047580 0.068993
0 0.714909 0.299763 0.040445 0.038065
0 0.636992 0.317606 0.051148 0.059478
0 0.514472 0.268240 0.039254 0.055908
0 0.986482 0.370028 0.027035 0.058151
0 0.920169 0.389920 0.053562 0.048969
0 0.361611 0.539889 0.062742 0.048969
0 0.233063 0.353194 0.032137 0.033667
0 0.278211 0.316467 0.042849 0.048969
0 0.022648 0.162670 0.024485 0.032135
