0 0.200509 0.010479 0.061865 0.020958
0 0.661037 0.031154 0.054360 0.038579
0 0.279515 0.090123 0.032626 0.038561
0 0.043702 0.188006 0.044492 0.038561
0 0.140846 0.222117 0.031145 0.065257
0 0.214258 0.212477 0.026695 0.048943
0 0.614694 0.229534 0.035594 0.044493
0 0.578357 0.185781 0.054872 0.034111
0 0.511618 0.138324 0.057840 0.045975
0 0.425597 0.285149 0.054872 0.037078
0 0.533865 0.249556 0.031145 0.040043
0 0.900931 0.247331 0.029663 0.062290
0 0.632491 0.649989 0.050423 0.031146
0 0.649545 0.513546 0.045974 0.054875
0 0.879252 0.598941 0.053617 0.045038
