0 0.532126 0.983711 0.051582 0.032578
0 0.579637 0.962669 0.035294 0.058372
0 0.895929 0.957918 0.054300 0.038010
0 0.782515 0.810953 0.038843 0.037405
0 0.463122 0.755564 0.044598 0.035967
0 0.643680 0.687944 0.028772 0.044599
0 0.635049 0.647660 0.037408 0.030214
0 0.724966 0.700891 0.053234 0.053232
0 0.795462 0.707366 0.044598 0.025897
0 0.828554 0.608814 0.050354 0.027335
0 0.974342 0.733263 0.051317 0.054670
0 0.507000 0.486524 0.043163 0.035967
0 0.365289 0.457029 0.050354 0.034529
0 0.290474 0.618887 0.044598 0.061864
