0 0.370554 0.669398 0.050289 0.041907
0 0.744225 0.776959 0.020954 0.050287
0 0.140763 0.318775 0.029335 0.044701
0 0.205018 0.408874 0.026543 0.040510
0 0.363571 0.393510 0.030734 0.029334
0 0.384520 0.283851 0.044700 0.030733
0 0.209209 0.292932 0.046098 0.023747
0 0.149842 0.152543 0.055878 0.033527
0 0.057645 0.017740 0.055878 0.026540
0 0.568217 0.328552 0.032128 0.050287
0 0.587075 0.268487 0.053082 0.044701
0 0.360774 0.190260 0.050289 0.025144
0 0.325152 0.155336 0.043306 0.022350
0 0.256005 0.130192 0.036318 0.022350
0 0.426428 0.084093 0.067052 0.025144
0 0.675778 0.115524 0.043306 0.037717
0 0.915349 0.242642 0.055878 0.032130
0 0.602440 0.022490 0.033526 0.044980
0 0.966848 0.025183 0.032123 0.037263
0 0.014807 0.520714 0.029613 0.044493
