0 0.110283 0.963324 0.055089 0.058151
0 0.146246 0.771271 0.047442 0.047440
0 0.219700 0.796521 0.044377 0.030606
0 0.262549 0.895990 0.050502 0.036728
0 0.396451 0.984723 0.052029 0.030555
0 0.591562 0.806469 0.056622 0.059683
0 0.407163 0.893695 0.045909 0.050500
0 0.361254 0.903643 0.045909 0.048969
0 0.385738 0.703937 0.076514 0.053561
0 0.681852 0.966385 0.084166 0.033667
0 0.888442 0.938073 0.044377 0.035196
0 0.529586 0.492758 0.055089 0.032135
0 0.017650 0.569272 0.035299 0.041318
0 0.038362 0.654202 0.067334 0.036728
0 0.713223 0.318301 0.045909 0.047440
