0 0.589818 0.986990 0.074658 0.026019
0 0.776469 0.887783 0.024434 0.050225
0 0.853168 0.914931 0.031223 0.052941
0 0.970588 0.886426 0.051582 0.047512
0 0.214223 0.768991 0.056109 0.043161
0 0.032229 0.945953 0.054669 0.060425
0 0.272492 0.727268 0.040283 0.051793
0 0.258106 0.696335 0.037408 0.030214
0 0.648715 0.774747 0.056109 0.046038
0 0.725686 0.788413 0.043163 0.044599
0 0.511320 0.820065 0.043163 0.038846
0 0.666697 0.932284 0.034528 0.038846
0 0.980817 0.713600 0.038366 0.038846
0 0.919911 0.709285 0.069060 0.050355
0 0.979379 0.612890 0.041242 0.047478
