0 0.641405 0.184389 0.044797 0.063800
0 0.715385 0.180996 0.051582 0.046154
0 0.366517 0.283484 0.054300 0.085520
0 0.793440 0.407692 0.071945 0.051583
0 0.963120 0.512218 0.066517 0.024435
0 0.919006 0.546833 0.038008 0.066516
0 0.735069 0.462670 0.077377 0.033937
0 0.714706 0.406334 0.063803 0.038010
0 0.659049 0.563123 0.061085 0.042081
0 0.495475 0.461990 0.065160 0.038010
0 0.498868 0.512896 0.096378 0.052941
0 0.394343 0.527149 0.058371 0.051583
0 0.266742 0.553619 0.036651 0.066516
0 0.330545 0.624208 0.066517 0.036653
0 0.910182 0.829185 0.039365 0.066516
0 0.860635 0.818325 0.024434 0.077376
0 0.777148 0.794571 0.047511 0.024435
0 0.722852 0.683935 0.042083 0.063800
0 0.492762 0.759276 0.054300 0.048870
0 0.410635 0.793890 0.044797 0.063800
0 0.439818 0.853620 0.051582 0.036653
0 0.028505 0.730090 0.054300 0.042081
0 0.661763 0.890273 0.088237 0.044797
