0 0.332534 0.943481 0.059682 0.042850
0 0.559782 0.515762 0.058149 0.022955
0 0.610283 0.632830 0.055089 0.058151
0 0.646246 0.824883 0.047442 0.047440
0 0.719700 0.799633 0.044377 0.030606
0 0.762549 0.700164 0.050502 0.036728
0 0.896451 0.604519 0.052029 0.044379
0 0.907163 0.702459 0.045909 0.050500
0 0.861254 0.692511 0.045909 0.048969
0 0.885738 0.892217 0.076514 0.053561
0 0.712048 0.397930 0.056622 0.041318
0 0.788562 0.414761 0.053562 0.044379
0 0.862782 0.180627 0.052029 0.038257
0 0.838297 0.216589 0.042849 0.030606
0 0.538362 0.941952 0.067334 0.036728
0 0.221589 0.951132 0.039789 0.036728
0 0.306517 0.197460 0.062742 0.050500
0 0.474854 0.175271 0.068862 0.027545
0 0.181920 0.054171 0.066009 0.033005
0 0.942572 0.166644 0.045286 0.033472
