0 0.955232 0.981084 0.083229 0.034049
0 0.915512 0.939470 0.045397 0.068097
0 0.400062 0.972574 0.066203 0.047289
0 0.290354 0.978248 0.054854 0.043504
0 0.331966 0.874211 0.066203 0.039724
0 0.453028 0.764502 0.062423 0.035939
0 0.403846 0.709648 0.085122 0.039724
0 0.436948 0.655736 0.071880 0.041614
0 0.716898 0.812736 0.052962 0.060529
0 0.661098 0.947983 0.081337 0.054854
0 0.056746 0.758827 0.075660 0.077552
0 0.445163 0.243574 0.059682 0.047440
0 0.295195 0.486125 0.050502 0.064273
0 0.785654 0.707255 0.039789 0.041318
0 0.866760 0.685828 0.052029 0.068863
0 0.647931 0.605488 0.073454 0.058151
0 0.061057 0.298664 0.068862 0.047440
