0 0.356249 0.930960 0.033789 0.056317
0 0.423202 0.388454 0.045054 0.035040
0 0.477015 0.507969 0.037543 0.046306
0 0.562114 0.683174 0.030035 0.033789
0 0.600283 0.880278 0.023778 0.050058
0 0.681628 0.641875 0.038794 0.036291
0 0.711037 0.712583 0.032538 0.032538
0 0.688513 0.696314 0.032538 0.027531
0 0.704155 0.860880 0.023778 0.033789
0 0.876856 0.768895 0.021275 0.042549
0 0.839939 0.804563 0.035040 0.033789
0 0.813658 0.862758 0.037543 0.035040
0 0.853704 0.640625 0.035040 0.048808
0 0.972530 0.563031 0.054940 0.051309
