0 0.855858 0.770113 0.049754 0.053987
0 0.791815 0.799223 0.067749 0.050812
0 0.649435 0.746825 0.034934 0.028581
0 0.613445 0.697072 0.051872 0.030700
0 0.905317 0.633223 0.047594 0.029020
0 0.284285 0.321544 0.054558 0.053398
0 0.522831 0.481156 0.048752 0.031341
0 0.403265 0.813149 0.065008 0.052237
0 0.607569 0.930970 0.048752 0.027859
0 0.640652 0.914718 0.038308 0.030180
0 0.709722 0.925747 0.044109 0.033664
0 0.880357 0.955927 0.062682 0.033664
0 0.331140 0.969705 0.045840 0.037935
0 0.187302 0.907270 0.061643 0.052159
