0 0.919162 0.123801 0.047345 0.035071
0 0.679798 0.437689 0.049098 0.028057
0 0.602643 0.541151 0.035072 0.035071
0 0.769231 0.445581 0.038580 0.029812
0 0.361526 0.318447 0.033318 0.049101
0 0.513211 0.370178 0.038580 0.036824
0 0.435178 0.028231 0.050852 0.036824
0 0.397475 0.126433 0.052606 0.047346
0 0.332592 0.192191 0.045591 0.042086
0 0.221242 0.207973 0.050852 0.042086
0 0.279986 0.297406 0.031565 0.042086
0 0.143209 0.183424 0.028057 0.052606
0 0.110768 0.182547 0.040334 0.040331
0 0.116029 0.392098 0.078909 0.038579
0 0.493923 0.520109 0.056114 0.028057
0 0.894257 0.358249 0.067006 0.045762
