0 0.138474 0.681553 0.033318 0.049101
0 0.064822 0.971769 0.050852 0.036824
0 0.102525 0.873567 0.052606 0.047346
0 0.167408 0.807809 0.045591 0.042086
0 0.278758 0.792027 0.050852 0.042086
0 0.220014 0.702594 0.031565 0.042086
0 0.356791 0.816576 0.028057 0.052606
0 0.389232 0.817453 0.040334 0.040331
0 0.592646 0.983691 0.071898 0.032617
0 0.668052 0.880582 0.061375 0.047346
0 0.582123 0.713994 0.057868 0.064883
0 0.383971 0.607902 0.078909 0.038579
0 0.017067 0.479891 0.034134 0.028057
0 0.569851 0.443067 0.068391 0.052606
0 0.691725 0.260698 0.045591 0.052606
0 0.908288 0.862170 0.033318 0.042086
0 0.961771 0.977555 0.052606 0.044891
0 0.753977 0.236146 0.033318 0.045594
