0 0.450903 0.980996 0.074658 0.038008
0 0.414751 0.916733 0.047580 0.061856
0 0.329698 0.879263 0.027360 0.053530
0 0.223831 0.812648 0.036877 0.070182
0 0.153054 0.833467 0.047580 0.068993
0 0.285091 0.700237 0.040445 0.038065
0 0.363008 0.682394 0.051148 0.059478
0 0.485528 0.731760 0.039254 0.055908
0 0.013518 0.629972 0.027035 0.058151
0 0.079831 0.610080 0.053562 0.048969
0 0.638389 0.460111 0.062742 0.048969
0 0.766937 0.646806 0.032137 0.033667
0 0.721789 0.683533 0.042849 0.048969
0 0.977352 0.837330 0.024485 0.032135
