0 0.703098 0.800115 0.041723 0.043161
0 0.643389 0.818817 0.031652 0.060425
0 0.549157 0.720268 0.027337 0.047478
0 0.372914 0.723863 0.048918 0.077690
0 0.790860 0.610925 0.053234 0.041723
0 0.719645 0.598695 0.043163 0.051793
0 0.649145 0.555534 0.043163 0.051793
0 0.493768 0.480001 0.031652 0.038846
0 0.409602 0.488633 0.056109 0.058987
0 0.316805 0.508058 0.054669 0.051793
0 0.959813 0.486476 0.080373 0.034529
0 0.908114 0.409505 0.077691 0.082007
0 0.799491 0.402311 0.061865 0.038846
0 0.670006 0.407348 0.044598 0.046038
0 0.338963 0.372692 0.054360 0.038579
0 0.720485 0.313723 0.032626 0.038561
0 0.956298 0.215840 0.044492 0.038561
0 0.859154 0.181729 0.031145 0.065257
0 0.785742 0.191369 0.026695 0.048943
0 0.385306 0.174312 0.035594 0.044493
0 0.421643 0.218065 0.054872 0.034111
0 0.488382 0.265523 0.057840 0.045975
0 0.574403 0.118697 0.054872 0.037078
0 0.466135 0.154290 0.031145 0.040043
0 0.099069 0.156515 0.029663 0.062290
