0 0.044768 0.018916 0.083229 0.034049
0 0.084488 0.060530 0.045397 0.068097
0 0.599938 0.027426 0.066203 0.047289
0 0.709646 0.021752 0.054854 0.043504
0 0.668034 0.125789 0.066203 0.039724
0 0.546972 0.235498 0.062423 0.035939
0 0.596154 0.290352 0.085122 0.039724
0 0.563052 0.344264 0.071880 0.041614
0 0.283102 0.187264 0.052962 0.060529
0 0.338902 0.052017 0.081337 0.054854
0 0.943254 0.241173 0.075660 0.077552
0 0.554837 0.756426 0.059682 0.047440
0 0.704805 0.513875 0.050502 0.064273
0 0.214346 0.292745 0.039789 0.041318
0 0.133240 0.314172 0.052029 0.068863
0 0.352069 0.394512 0.073454 0.058151
0 0.938943 0.701336 0.068862 0.047440
