0 0.059782 0.015762 0.058149 0.022955
0 0.110283 0.132830 0.055089 0.058151
0 0.146246 0.324883 0.047442 0.047440
0 0.219700 0.299633 0.044377 0.030606
0 0.262549 0.200164 0.050502 0.036728
0 0.396451 0.104519 0.052029 0.044379
0 0.591562 0.289685 0.056622 0.059683
0 0.407163 0.202459 0.045909 0.050500
0 0.361254 0.192511 0.045909 0.048969
0 0.385738 0.392217 0.076514 0.053561
0 0.600746 0.020506 0.053562 0.041012
0 0.681852 0.129769 0.084166 0.033667
0 0.888442 0.158080 0.044377 0.035196
0 0.529586 0.603396 0.055089 0.032135
0 0.017650 0.526882 0.035299 0.041318
0 0.038362 0.441952 0.067334 0.036728
0 0.713223 0.777852 0.045909 0.047440
