0 0.080838 0.027647 0.047345 0.035071
0 0.320202 0.341535 0.049098 0.028057
0 0.397357 0.444997 0.035072 0.035071
0 0.230769 0.349427 0.038580 0.029812
0 0.638474 0.222294 0.033318 0.049101
0 0.486789 0.274025 0.038580 0.036824
0 0.602525 0.030279 0.052606 0.047346
0 0.667408 0.096037 0.045591 0.042086
0 0.778758 0.111819 0.050852 0.042086
0 0.720014 0.201252 0.031565 0.042086
0 0.856791 0.087270 0.028057 0.052606
0 0.889232 0.086393 0.040334 0.040331
0 0.883971 0.295944 0.078909 0.038579
0 0.506077 0.423955 0.056114 0.028057
0 0.105743 0.262095 0.067006 0.045762
