0 0.129446 0.330602 0.050289 0.041907
0 0.641412 0.482165 0.046098 0.034923
0 0.577854 0.602300 0.027937 0.029334
0 0.359237 0.681225 0.029335 0.044701
0 0.294982 0.591126 0.026543 0.040510
0 0.136429 0.606490 0.030734 0.029334
0 0.115480 0.716149 0.044700 0.030733
0 0.290791 0.707068 0.046098 0.023747
0 0.350158 0.847457 0.055878 0.033527
0 0.442355 0.982260 0.055878 0.026540
0 0.139226 0.809740 0.050289 0.025144
0 0.174848 0.844664 0.043306 0.022350
0 0.243995 0.869808 0.036318 0.022350
0 0.073572 0.915907 0.067052 0.025144
0 0.491892 0.479286 0.043011 0.044493
