0 0.943066 0.202594 0.052606 0.038579
0 0.853634 0.178045 0.052606 0.066635
0 0.785248 0.203472 0.059622 0.054361
0 0.940435 0.480536 0.064883 0.036824
0 0.919394 0.422668 0.068391 0.047346
0 0.791386 0.604162 0.071898 0.035071
0 0.699323 0.807576 0.056114 0.045594
0 0.530982 0.633971 0.063129 0.035071
0 0.660743 0.432312 0.052606 0.056113
0 0.712472 0.301671 0.064883 0.050853
0 0.801905 0.445465 0.061375 0.043839
0 0.399462 0.474399 0.063129 0.056113
0 0.365266 0.719896 0.061375 0.049101
0 0.296880 0.486673 0.064883 0.073650
0 0.324060 0.368307 0.080663 0.050853
0 0.467852 0.250818 0.059622 0.047346
0 0.420503 0.213994 0.049098 0.047346
0 0.374912 0.168400 0.077155 0.068388
0 0.100482 0.220131 0.057868 0.056113
0 0.038229 0.484043 0.056114 0.064883
0 0.431026 0.043897 0.052606 0.050853
0 0.594983 0.111410 0.036826 0.035071
