0 0.989521 0.200509 0.020958 0.061865
0 0.968846 0.661037 0.038579 0.054360
0 0.909877 0.279515 0.038561 0.032626
0 0.811994 0.043702 0.038561 0.044492
0 0.777883 0.140846 0.065257 0.031145
0 0.787523 0.214258 0.048943 0.026695
0 0.770466 0.614694 0.044493 0.035594
0 0.814219 0.578357 0.034111 0.054872
0 0.861676 0.511618 0.045975 0.057840
0 0.714851 0.425597 0.037078 0.054872
0 0.750444 0.533865 0.040043 0.031145
0 0.752669 0.900931 0.062290 0.029663
0 0.350011 0.632491 0.031146 0.050423
0 0.486454 0.649545 0.054875 0.045974
0 0.401059 0.879252 0.045038 0.053617
