0 0.138474 0.181553 0.033318 0.049101
0 0.064822 0.471769 0.050852 0.036824
0 0.102525 0.373567 0.052606 0.047346
0 0.167408 0.307809 0.045591 0.042086
0 0.278758 0.292027 0.050852 0.042086
0 0.220014 0.202594 0.031565 0.042086
0 0.356791 0.316576 0.028057 0.052606
0 0.389232 0.317453 0.040334 0.040331
0 0.201603 0.610300 0.050852 0.040331
0 0.338380 0.783024 0.054360 0.042086
0 0.352406 0.822481 0.064883 0.040331
0 0.625965 0.699732 0.033318 0.047346
0 0.477788 0.800561 0.059622 0.035071
0 0.624211 0.534019 0.057868 0.045594
0 0.592646 0.491933 0.071898 0.049101
0 0.668052 0.380582 0.061375 0.047346
0 0.582123 0.213994 0.057868 0.064883
0 0.383971 0.107902 0.078909 0.038579
0 0.908288 0.362170 0.033318 0.042086
0 0.961771 0.477906 0.052606 0.045594
0 0.179403 0.987591 0.057840 0.024819
0 0.286189 0.593287 0.034112 0.031146
