0 0.799491 0.989521 0.061865 0.020958
0 0.338963 0.968846 0.054360 0.038579
0 0.720485 0.909877 0.032626 0.038561
0 0.956298 0.811994 0.044492 0.038561
0 0.859154 0.777883 0.031145 0.065257
0 0.785742 0.787523 0.026695 0.048943
0 0.385306 0.770466 0.035594 0.044493
0 0.421643 0.814219 0.054872 0.034111
0 0.488382 0.861676 0.057840 0.045975
0 0.574403 0.714851 0.054872 0.037078
0 0.466135 0.750444 0.031145 0.040043
0 0.099069 0.752669 0.029663 0.062290
0 0.367509 0.350011 0.050423 0.031146
0 0.350455 0.486454 0.045974 0.054875
0 0.120748 0.401059 0.053617 0.045038
