0 0.827377 0.049774 0.063803 0.029864
0 0.649546 0.065385 0.047511 0.039365
0 0.327826 0.024661 0.047511 0.031221
0 0.859957 0.221494 0.039365 0.044797
0 0.790043 0.205203 0.046154 0.044797
0 0.669909 0.281901 0.044797 0.032579
0 0.578280 0.205203 0.046154 0.025793
0 0.424209 0.159049 0.023077 0.042081
0 0.431672 0.203845 0.035294 0.017646
0 0.445251 0.252035 0.040726 0.040723
0 0.637828 0.647281 0.036318 0.060067
0 0.247394 0.664743 0.026543 0.050287
0 0.303969 0.687792 0.027937 0.048891
0 0.120974 0.210047 0.033526 0.037717
0 0.988009 0.421720 0.023982 0.025793
0 0.549429 0.632522 0.025980 0.018402
0 0.472038 0.573532 0.029225 0.028142
