0 0.871159 0.365020 0.034152 0.031712
0 0.813830 0.356482 0.029274 0.034154
0 0.782728 0.346115 0.025614 0.042688
0 0.901650 0.193042 0.024393 0.048789
0 0.607701 0.207677 0.026834 0.036591
0 0.484511 0.055822 0.021956 0.045129
0 0.594894 0.285737 0.032932 0.026834
0 0.570498 0.421125 0.032932 0.048789
0 0.672345 0.637014 0.046349 0.043911
0 0.483711 0.602265 0.044797 0.029866
0 0.354072 0.172623 0.029864 0.063803
0 0.338462 0.350454 0.039365 0.047511
0 0.430090 0.476020 0.032579 0.054300
0 0.379185 0.672174 0.031221 0.047511
0 0.182352 0.140043 0.044797 0.039365
0 0.198643 0.209957 0.044797 0.046154
0 0.121945 0.330091 0.032579 0.044797
0 0.198643 0.421720 0.025793 0.046154
0 0.244798 0.575791 0.042081 0.023077
0 0.200001 0.568328 0.017646 0.035294
0 0.151811 0.554749 0.040723 0.040726
0 0.193799 0.879026 0.037717 0.033526
0 0.720062 0.038265 0.032117 0.040445
0 0.970459 0.364194 0.026169 0.042822
