0 0.484238 0.059782 0.022955 0.058149
0 0.367170 0.110283 0.058151 0.055089
0 0.175117 0.146246 0.047440 0.047442
0 0.200367 0.219700 0.030606 0.044377
0 0.299836 0.262549 0.036728 0.050502
0 0.395481 0.396451 0.044379 0.052029
0 0.210315 0.591562 0.059683 0.056622
0 0.297541 0.407163 0.050500 0.045909
0 0.307489 0.361254 0.048969 0.045909
0 0.107783 0.385738 0.053561 0.076514
0 0.602070 0.212048 0.041318 0.056622
0 0.585239 0.288562 0.044379 0.053562
0 0.819373 0.362782 0.038257 0.052029
0 0.783411 0.338297 0.030606 0.042849
0 0.688532 0.633645 0.048969 0.045909
0 0.528617 0.631351 0.038257 0.068862
0 0.483472 0.600746 0.048969 0.053562
0 0.370231 0.681852 0.033667 0.084166
0 0.341920 0.888442 0.035196 0.044377
0 0.058048 0.038362 0.036728 0.067334
0 0.833356 0.442572 0.033472 0.045286
