0 0.955232 0.018916 0.083229 0.034049
0 0.915512 0.060530 0.045397 0.068097
0 0.400062 0.027426 0.066203 0.047289
0 0.290354 0.021752 0.054854 0.043504
0 0.331966 0.125789 0.066203 0.039724
0 0.453028 0.235498 0.062423 0.035939
0 0.403846 0.290352 0.085122 0.039724
0 0.436948 0.344264 0.071880 0.041614
0 0.716898 0.187264 0.052962 0.060529
0 0.661098 0.052017 0.081337 0.054854
0 0.056746 0.241173 0.075660 0.077552
0 0.445163 0.756426 0.059682 0.047440
0 0.295195 0.513875 0.050502 0.064273
0 0.785654 0.292745 0.039789 0.041318
0 0.866760 0.314172 0.052029 0.068863
0 0.647931 0.394512 0.073454 0.058151
0 0.061057 0.701336 0.068862 0.047440
