0 0.089818 0.986990 0.074658 0.026019
0 0.276469 0.887783 0.024434 0.050225
0 0.353168 0.914931 0.031223 0.052941
0 0.470588 0.886426 0.051582 0.047512
0 0.579866 0.814478 0.050225 0.047512
0 0.666063 0.971268 0.046154 0.027151
0 0.148715 0.774747 0.056109 0.046038
0 0.225686 0.788413 0.043163 0.044599
0 0.016451 0.820065 0.032902 0.038846
0 0.166697 0.932284 0.034528 0.038846
0 0.486811 0.713600 0.050354 0.038846
0 0.419911 0.709285 0.069060 0.050355
0 0.483935 0.612890 0.050354 0.047478
0 0.675285 0.520095 0.035968 0.063302
0 0.665929 0.358238 0.051794 0.035967
0 0.795414 0.401399 0.043163 0.033091
0 0.691111 0.780500 0.056109 0.037405
