0 0.631826 0.120178 0.045498 0.029118
0 0.696432 0.188426 0.047317 0.027299
0 0.324252 0.099248 0.038220 0.030938
0 0.153178 0.223004 0.034578 0.030938
0 0.140440 0.199345 0.049140 0.020019
0 0.298775 0.394989 0.052777 0.021839
0 0.154997 0.401360 0.060060 0.030938
0 0.445282 0.516016 0.050958 0.023659
0 0.305145 0.648872 0.058237 0.023659
0 0.145900 0.667982 0.038220 0.029118
0 0.027905 0.562425 0.055810 0.021839
0 0.695731 0.986697 0.047418 0.026606
0 0.363806 0.816913 0.034772 0.034773
0 0.359851 0.682560 0.039517 0.022130
0 0.291095 0.790832 0.034772 0.026870
0 0.206532 0.870653 0.030032 0.034773
0 0.035828 0.822445 0.048997 0.042676
0 0.883000 0.461157 0.034334 0.038371
0 0.249275 0.839006 0.043500 0.030037
0 0.216765 0.409937 0.034528 0.034529
0 0.160378 0.107844 0.045462 0.027060
