0 0.607018 0.597277 0.045909 0.044379
0 0.667466 0.443481 0.059682 0.042850
0 0.440218 0.015762 0.058149 0.022955
0 0.389717 0.132830 0.055089 0.058151
0 0.353754 0.324883 0.047442 0.047440
0 0.280300 0.299633 0.044377 0.030606
0 0.237451 0.200164 0.050502 0.036728
0 0.103549 0.104519 0.052029 0.044379
0 0.092837 0.202459 0.045909 0.050500
0 0.138746 0.192511 0.045909 0.048969
0 0.114262 0.392217 0.076514 0.053561
0 0.491482 0.526882 0.053562 0.041318
0 0.461638 0.441952 0.067334 0.036728
0 0.778411 0.451132 0.039789 0.036728
