0 0.403846 0.975565 0.071945 0.048869
0 0.950903 0.980996 0.074658 0.038008
0 0.487708 0.970858 0.030928 0.036876
0 0.914751 0.916733 0.047580 0.061856
0 0.829698 0.879263 0.027360 0.053530
0 0.723831 0.812648 0.036877 0.070182
0 0.653054 0.833467 0.047580 0.068993
0 0.342586 0.876287 0.052338 0.047582
0 0.490680 0.786479 0.082080 0.051149
0 0.418122 0.715108 0.055906 0.053530
0 0.785091 0.700237 0.040445 0.038065
0 0.863008 0.682394 0.051148 0.059478
0 0.982950 0.731760 0.034099 0.055908
0 0.062589 0.617731 0.041317 0.061212
0 0.505611 0.629972 0.042849 0.058151
0 0.579831 0.610080 0.053562 0.048969
0 0.360231 0.370588 0.070394 0.047440
0 0.367117 0.246635 0.071926 0.038257
