0 0.809562 0.977748 0.047478 0.044504
0 0.680077 0.777814 0.058989 0.050355
0 0.645549 0.815222 0.050354 0.047478
0 0.504554 0.790763 0.079131 0.038846
0 0.369318 0.705880 0.053234 0.056111
0 0.794455 0.608765 0.063305 0.046038
0 0.946242 0.485757 0.076251 0.061864
0 0.908834 0.390803 0.056109 0.058987
0 0.857040 0.322464 0.044598 0.054670
0 0.724680 0.277862 0.044598 0.048917
0 0.646269 0.313113 0.034528 0.047478
0 0.584405 0.303759 0.057549 0.048917
0 0.411042 0.482880 0.061865 0.070496
0 0.364283 0.524603 0.066180 0.050355
0 0.329751 0.385047 0.066180 0.044599
0 0.018127 0.396556 0.036254 0.050355
0 0.031938 0.477125 0.057549 0.056111
0 0.868795 0.179504 0.044492 0.060807
0 0.785003 0.203976 0.045974 0.050425
0 0.585526 0.114990 0.053391 0.050425
0 0.412745 0.221030 0.060808 0.057840
0 0.716035 0.594027 0.059322 0.038561
0 0.520269 0.453876 0.050423 0.040043
