0 0.541440 0.018300 0.050289 0.036600
0 0.396863 0.018998 0.046098 0.037997
0 0.337491 0.118318 0.044700 0.037717
0 0.265551 0.119016 0.054480 0.053084
0 0.907431 0.054759 0.041908 0.050287
0 0.954226 0.016343 0.051688 0.032130
0 0.980987 0.521682 0.038027 0.039225
0 0.859011 0.311669 0.042494 0.070278
0 0.780563 0.301045 0.049029 0.058837
0 0.550938 0.275715 0.057203 0.057201
0 0.494552 0.366419 0.052297 0.052300
0 0.414471 0.292058 0.071912 0.040858
0 0.290262 0.509426 0.071912 0.047395
0 0.472491 0.769285 0.031052 0.044127
0 0.653082 0.390117 0.052297 0.027784
0 0.981586 0.199718 0.035954 0.039225
