0 0.800001 0.312442 0.054299 0.066517
0 0.819004 0.355882 0.057014 0.036651
0 0.773530 0.477377 0.044797 0.038008
0 0.709730 0.629412 0.061085 0.035294
0 0.587557 0.231672 0.058372 0.086880
0 0.522399 0.659957 0.069232 0.082805
0 0.484389 0.596154 0.066516 0.071945
0 0.493213 0.049097 0.062443 0.074658
0 0.538659 0.357654 0.029739 0.026169
0 0.470858 0.512292 0.036876 0.030928
0 0.416733 0.085249 0.061856 0.047580
0 0.379263 0.170302 0.053530 0.027360
0 0.312648 0.276169 0.070182 0.036877
0 0.333467 0.346946 0.068993 0.047580
0 0.376287 0.657414 0.047582 0.052338
0 0.286479 0.509320 0.051149 0.082080
0 0.215108 0.581878 0.053530 0.055906
0 0.200237 0.214909 0.038065 0.040445
0 0.182394 0.136992 0.059478 0.051148
0 0.231760 0.017050 0.055908 0.034099
0 0.117731 0.937411 0.061212 0.041317
0 0.129972 0.494389 0.058151 0.042849
0 0.110080 0.420169 0.048969 0.053562
