0 0.986990 0.089818 0.026019 0.074658
0 0.887783 0.276469 0.050225 0.024434
0 0.914931 0.353168 0.052941 0.031223
0 0.886426 0.470588 0.047512 0.051582
0 0.814478 0.579866 0.047512 0.050225
0 0.971268 0.666063 0.027151 0.046154
0 0.774747 0.148715 0.046038 0.056109
0 0.788413 0.225686 0.044599 0.043163
0 0.820065 0.016451 0.038846 0.032902
0 0.932284 0.166697 0.038846 0.034528
0 0.713600 0.486811 0.038846 0.050354
0 0.709285 0.419911 0.050355 0.069060
0 0.612890 0.483935 0.047478 0.050354
0 0.520095 0.675285 0.063302 0.035968
0 0.358238 0.665929 0.035967 0.051794
0 0.401399 0.795414 0.033091 0.043163
0 0.780500 0.691111 0.037405 0.056109
