0 0.687558 0.199999 0.066517 0.054299
0 0.644118 0.180996 0.036651 0.057014
0 0.522623 0.226470 0.038008 0.044797
0 0.370588 0.290270 0.035294 0.061085
0 0.768328 0.412443 0.086880 0.058372
0 0.340043 0.477601 0.082805 0.069232
0 0.403846 0.515611 0.071945 0.066516
0 0.950903 0.506787 0.074658 0.062443
0 0.642346 0.461341 0.026169 0.029739
0 0.487708 0.529142 0.030928 0.036876
0 0.914751 0.583267 0.047580 0.061856
0 0.829698 0.620737 0.027360 0.053530
0 0.723831 0.687352 0.036877 0.070182
0 0.653054 0.666533 0.047580 0.068993
0 0.342586 0.623713 0.052338 0.047582
0 0.490680 0.713521 0.082080 0.051149
0 0.418122 0.784892 0.055906 0.053530
0 0.785091 0.799763 0.040445 0.038065
0 0.863008 0.817606 0.051148 0.059478
0 0.982950 0.768240 0.034099 0.055908
0 0.062589 0.882269 0.041317 0.061212
0 0.505611 0.870028 0.042849 0.058151
0 0.579831 0.889920 0.053562 0.048969
