0 0.983711 0.032126 0.032578 0.051582
0 0.962669 0.079637 0.058372 0.035294
0 0.957918 0.395929 0.038010 0.054300
0 0.979638 0.537783 0.035295 0.039365
0 0.980317 0.600903 0.039366 0.046154
0 0.919230 0.729866 0.050225 0.048868
0 0.875114 0.668777 0.035295 0.059728
0 0.810953 0.282515 0.037405 0.038843
0 0.687944 0.143680 0.044599 0.028772
0 0.647660 0.135049 0.030214 0.037408
0 0.700891 0.224966 0.053232 0.053234
0 0.707366 0.295462 0.025897 0.044598
0 0.608814 0.328554 0.027335 0.050354
0 0.733263 0.480335 0.054670 0.063305
0 0.641185 0.526378 0.048917 0.066180
0 0.707366 0.591838 0.051793 0.047478
0 0.497314 0.706932 0.037405 0.044598
0 0.486524 0.014291 0.035967 0.028582
0 0.233516 0.522815 0.032130 0.058671
