0 0.053758 0.977413 0.076251 0.045175
0 0.091166 0.890803 0.056109 0.058987
0 0.142960 0.822464 0.044598 0.054670
0 0.275320 0.777862 0.044598 0.048917
0 0.353731 0.813113 0.034528 0.047478
0 0.415595 0.803759 0.057549 0.048917
0 0.588958 0.973816 0.061865 0.052368
0 0.670249 0.885047 0.066180 0.044599
0 0.981873 0.896556 0.036254 0.050355
0 0.968062 0.974535 0.057549 0.050931
0 0.131205 0.679504 0.044492 0.060807
0 0.214997 0.703976 0.045974 0.050425
0 0.414474 0.614990 0.053391 0.050425
0 0.587255 0.721030 0.060808 0.057840
0 0.644352 0.471129 0.065257 0.044493
0 0.693298 0.253857 0.050423 0.037078
0 0.479731 0.953876 0.050423 0.040043
