0 0.980769 0.189594 0.038462 0.048868
0 0.963574 0.367420 0.044797 0.046154
0 0.815611 0.366742 0.036652 0.055657
0 0.788461 0.326020 0.036652 0.061085
0 0.785068 0.503846 0.057014 0.077377
0 0.694797 0.632126 0.071945 0.059728
0 0.512217 0.659957 0.035295 0.058371
0 0.481673 0.597511 0.044797 0.039365
0 0.581449 0.293440 0.040723 0.050225
0 0.464705 0.501132 0.029864 0.047511
0 0.606561 0.197735 0.033937 0.054300
0 0.476922 0.061314 0.040723 0.061085
0 0.402262 0.089818 0.048870 0.074658
0 0.291630 0.276469 0.050225 0.024434
0 0.318778 0.353168 0.052941 0.031223
0 0.290272 0.470588 0.047512 0.051582
0 0.218325 0.579866 0.047512 0.050225
0 0.375114 0.666063 0.027151 0.046154
0 0.480318 0.957238 0.061085 0.047511
0 0.178593 0.148715 0.046038 0.056109
0 0.192259 0.225686 0.044599 0.043163
0 0.223911 0.016451 0.038846 0.032902
0 0.336130 0.166697 0.038846 0.034528
0 0.117446 0.486811 0.038846 0.050354
0 0.113131 0.419911 0.050355 0.069060
0 0.020237 0.483935 0.040475 0.050354
0 0.184346 0.691111 0.037405 0.056109
