0 0.237558 0.175564 0.062442 0.038010
0 0.325791 0.228508 0.062442 0.043439
0 0.457468 0.181673 0.065160 0.050225
0 0.812442 0.199999 0.066517 0.054299
0 0.855882 0.180996 0.036651 0.057014
0 0.977377 0.226470 0.038008 0.044797
0 0.731672 0.412443 0.086880 0.058372
0 0.549097 0.506787 0.074658 0.062443
0 0.439140 0.418551 0.039365 0.038010
0 0.378055 0.315385 0.033937 0.032579
0 0.857654 0.461341 0.026169 0.029739
0 0.585249 0.583267 0.047580 0.061856
0 0.670302 0.620737 0.027360 0.053530
0 0.776169 0.687352 0.036877 0.070182
0 0.846946 0.666533 0.047580 0.068993
0 0.714909 0.799763 0.040445 0.038065
0 0.636992 0.817606 0.051148 0.059478
0 0.514472 0.768240 0.039254 0.055908
0 0.986482 0.870028 0.027035 0.058151
0 0.920169 0.889920 0.053562 0.048969
0 0.233063 0.853194 0.032137 0.033667
0 0.278211 0.816467 0.042849 0.048969
0 0.022648 0.662670 0.024485 0.032135
