0 0.080838 0.876199 0.047345 0.035071
0 0.320202 0.562311 0.049098 0.028057
0 0.397357 0.458849 0.035072 0.035071
0 0.230769 0.554419 0.038580 0.029812
0 0.638474 0.681553 0.033318 0.049101
0 0.486789 0.629822 0.038580 0.036824
0 0.564822 0.971769 0.050852 0.036824
0 0.602525 0.873567 0.052606 0.047346
0 0.667408 0.807809 0.045591 0.042086
0 0.778758 0.792027 0.050852 0.042086
0 0.720014 0.702594 0.031565 0.042086
0 0.856791 0.816576 0.028057 0.052606
0 0.889232 0.817453 0.040334 0.040331
0 0.883971 0.607902 0.078909 0.038579
0 0.506077 0.479891 0.056114 0.028057
0 0.105743 0.641751 0.067006 0.045762
