0 0.358595 0.815611 0.044797 0.063800
0 0.284615 0.819004 0.051582 0.046154
0 0.633483 0.716516 0.054300 0.085520
0 0.206560 0.592308 0.071945 0.051583
0 0.036880 0.487782 0.066517 0.024435
0 0.080994 0.453167 0.038008 0.066516
0 0.264931 0.537330 0.077377 0.033937
0 0.285294 0.593666 0.063803 0.038010
0 0.340951 0.436877 0.061085 0.042081
0 0.504525 0.538010 0.065160 0.038010
0 0.501132 0.487104 0.096378 0.052941
0 0.605657 0.472851 0.058371 0.051583
0 0.733258 0.446381 0.036651 0.066516
0 0.669455 0.375792 0.066517 0.036653
0 0.089818 0.170815 0.039365 0.066516
0 0.139365 0.181675 0.024434 0.077376
0 0.222852 0.205429 0.047511 0.024435
0 0.277148 0.316065 0.042083 0.063800
0 0.507238 0.240724 0.054300 0.048870
0 0.589365 0.206110 0.044797 0.063800
0 0.560182 0.146380 0.051582 0.036653
0 0.971495 0.269910 0.054300 0.042081
0 0.338237 0.109727 0.088237 0.044797
