0 0.859237 0.181225 0.029335 0.044701
0 0.794982 0.091126 0.026543 0.040510
0 0.636429 0.106490 0.030734 0.029334
0 0.615480 0.216149 0.044700 0.030733
0 0.790791 0.207068 0.046098 0.023747
0 0.850158 0.347457 0.055878 0.033527
0 0.942355 0.482260 0.055878 0.026540
0 0.431783 0.171448 0.032128 0.050287
0 0.412925 0.231513 0.053082 0.044701
0 0.639226 0.309740 0.050289 0.025144
0 0.674848 0.344664 0.043306 0.022350
0 0.743995 0.369808 0.036318 0.022350
0 0.573572 0.415907 0.067052 0.025144
0 0.324222 0.384476 0.043306 0.037717
0 0.084651 0.257358 0.055878 0.032130
0 0.397560 0.481562 0.033526 0.053084
0 0.033152 0.474817 0.032123 0.037263
0 0.522055 0.564760 0.056534 0.032122
0 0.367869 0.675904 0.041118 0.041118
0 0.710298 0.590457 0.037260 0.037263
0 0.799597 0.607805 0.046255 0.028267
0 0.601080 0.857718 0.037260 0.026982
0 0.638340 0.808892 0.039831 0.034692
0 0.656331 0.785122 0.042402 0.028267
0 0.830437 0.905259 0.035977 0.029552
