0 0.805145 0.052718 0.058237 0.023659
0 0.645900 0.071828 0.038220 0.029118
0 0.326497 0.019960 0.043680 0.030938
0 0.984852 0.416753 0.030296 0.031613
0 0.863806 0.220759 0.034772 0.034773
0 0.859851 0.086406 0.039517 0.022130
0 0.791095 0.194678 0.034772 0.026870
0 0.706532 0.274500 0.030032 0.034773
0 0.535828 0.226292 0.048997 0.042676
0 0.422815 0.157535 0.037934 0.044257
0 0.463117 0.299789 0.039517 0.050578
0 0.086935 0.279240 0.042678 0.041097
0 0.646468 0.720231 0.033194 0.044257
0 0.749275 0.242853 0.043500 0.030037
