0 0.554718 0.983984 0.050958 0.023659
0 0.694855 0.851128 0.058237 0.023659
0 0.854100 0.832018 0.038220 0.029118
0 0.972095 0.937575 0.055810 0.021839
0 0.304269 0.511590 0.047418 0.030032
0 0.425977 0.475236 0.037934 0.030032
0 0.511329 0.487093 0.037934 0.031613
0 0.636194 0.683087 0.034772 0.034773
0 0.640149 0.817440 0.039517 0.022130
0 0.708905 0.709168 0.034772 0.026870
0 0.793468 0.629347 0.030032 0.034773
0 0.964172 0.677555 0.048997 0.042676
0 0.853532 0.183615 0.033194 0.044257
0 0.750725 0.660994 0.043500 0.030037
