0 0.569040 0.643751 0.056317 0.033789
0 0.984439 0.522985 0.031122 0.037543
0 0.816826 0.437886 0.033789 0.030035
0 0.619722 0.399717 0.050058 0.023778
0 0.858125 0.318372 0.036291 0.038794
0 0.787417 0.288963 0.032538 0.032538
0 0.803686 0.311487 0.027531 0.032538
0 0.639120 0.295845 0.033789 0.023778
0 0.419488 0.268939 0.047557 0.037543
0 0.416986 0.315869 0.052560 0.043802
0 0.731105 0.123144 0.042549 0.021275
0 0.695437 0.160061 0.033789 0.035040
0 0.637242 0.186342 0.035040 0.037543
0 0.859375 0.146296 0.048808 0.035040
0 0.936969 0.027470 0.051309 0.054940
0 0.021441 0.239574 0.042882 0.029002
0 0.276965 0.221447 0.039360 0.019679
0 0.333932 0.117352 0.026931 0.029002
0 0.399702 0.022425 0.036254 0.044849
0 0.029109 0.036521 0.044460 0.058221
0 0.257095 0.778198 0.046038 0.034529
