0 0.402723 0.392982 0.044379 0.045909
0 0.556519 0.332534 0.042850 0.059682
0 0.984238 0.559782 0.022955 0.058149
0 0.867170 0.610283 0.058151 0.055089
0 0.675117 0.646246 0.047440 0.047442
0 0.700367 0.719700 0.030606 0.044377
0 0.799836 0.762549 0.036728 0.050502
0 0.895481 0.896451 0.044379 0.052029
0 0.797541 0.907163 0.050500 0.045909
0 0.807489 0.861254 0.048969 0.045909
0 0.607783 0.885738 0.053561 0.076514
0 0.473118 0.508518 0.041318 0.053562
0 0.558048 0.538362 0.036728 0.067334
0 0.548868 0.221589 0.036728 0.039789
