0 0.871159 0.865020 0.034152 0.031712
0 0.813830 0.856482 0.029274 0.034154
0 0.782728 0.846115 0.025614 0.042688
0 0.901650 0.693042 0.024393 0.048789
0 0.809562 0.307611 0.028054 0.048789
0 0.851643 0.402138 0.036590 0.035372
0 0.607701 0.707677 0.026834 0.036591
0 0.484511 0.555822 0.021956 0.045129
0 0.594894 0.785737 0.032932 0.026834
0 0.570498 0.921125 0.032932 0.048789
0 0.354072 0.672623 0.029864 0.063803
0 0.338462 0.850454 0.039365 0.047511
0 0.430090 0.974435 0.032579 0.051130
0 0.182352 0.640043 0.044797 0.039365
0 0.198643 0.709957 0.044797 0.046154
0 0.039141 0.458146 0.043439 0.036651
0 0.010747 0.317649 0.021493 0.043440
0 0.054751 0.134391 0.031221 0.032580
0 0.526470 0.069231 0.035295 0.038008
0 0.121945 0.830091 0.032579 0.044797
0 0.198643 0.921720 0.025793 0.046154
0 0.720062 0.538265 0.032117 0.040445
0 0.567209 0.494252 0.021410 0.045203
0 0.970459 0.864194 0.026169 0.042822
