0 0.175748 0.099248 0.038220 0.030938
0 0.346822 0.223004 0.034578 0.030938
0 0.359560 0.199345 0.049140 0.020019
0 0.629823 0.323101 0.040038 0.049137
0 0.201225 0.394989 0.052777 0.021839
0 0.345003 0.401360 0.060060 0.030938
0 0.054718 0.516016 0.050958 0.023659
0 0.194855 0.648872 0.058237 0.023659
0 0.354100 0.667982 0.038220 0.029118
0 0.476038 0.562425 0.063697 0.021839
0 0.598882 0.520565 0.032760 0.047317
0 0.673503 0.616114 0.043680 0.030938
0 0.963783 0.524205 0.038220 0.036398
0 0.136194 0.816913 0.034772 0.034773
0 0.140149 0.682560 0.039517 0.022130
0 0.208905 0.790832 0.034772 0.026870
0 0.293468 0.870653 0.030032 0.034773
0 0.464172 0.822445 0.048997 0.042676
0 0.577185 0.753689 0.037934 0.044257
0 0.536883 0.895943 0.039517 0.050578
0 0.913065 0.875394 0.042678 0.041097
0 0.250725 0.839006 0.043500 0.030037
0 0.283235 0.409937 0.034528 0.034529
0 0.339622 0.107844 0.045462 0.027060
