0 0.943066 0.297406 0.052606 0.038579
0 0.853634 0.321955 0.052606 0.066635
0 0.785248 0.296528 0.059622 0.054361
0 0.940435 0.019464 0.064883 0.036824
0 0.919394 0.077332 0.068391 0.047346
0 0.660743 0.067688 0.052606 0.056113
0 0.712472 0.198329 0.064883 0.050853
0 0.801905 0.054535 0.061375 0.043839
0 0.399462 0.026829 0.063129 0.053658
0 0.296880 0.025076 0.064883 0.050152
0 0.324060 0.131693 0.080663 0.050853
0 0.467852 0.249182 0.059622 0.047346
0 0.420503 0.286006 0.049098 0.047346
0 0.374912 0.331600 0.077155 0.068388
0 0.100482 0.279869 0.057868 0.056113
0 0.038229 0.024199 0.056114 0.048398
0 0.363512 0.552548 0.061375 0.047346
0 0.399462 0.752454 0.059622 0.036824
0 0.431026 0.456103 0.052606 0.050853
0 0.594983 0.388590 0.036826 0.035071
