0 0.976922 0.561314 0.040723 0.061085
0 0.902262 0.589818 0.048870 0.074658
0 0.791630 0.776469 0.050225 0.024434
0 0.818778 0.853168 0.052941 0.031223
0 0.790272 0.970588 0.047512 0.051582
0 0.672837 0.214223 0.043161 0.056109
0 0.849799 0.032229 0.060425 0.054669
0 0.631115 0.272492 0.051793 0.040283
0 0.600181 0.258106 0.030214 0.037408
0 0.678593 0.648715 0.046038 0.056109
0 0.692259 0.725686 0.044599 0.043163
0 0.723911 0.511320 0.038846 0.043163
0 0.836130 0.666697 0.038846 0.034528
0 0.617446 0.980817 0.038846 0.038366
0 0.613131 0.919911 0.050355 0.069060
0 0.516736 0.979379 0.047478 0.041242
