0 0.310406 0.980769 0.048868 0.038462
0 0.132580 0.963574 0.046154 0.044797
0 0.133258 0.815611 0.055657 0.036652
0 0.173980 0.788461 0.061085 0.036652
0 0.206560 0.581449 0.050225 0.040723
0 0.302265 0.606561 0.054300 0.033937
0 0.674888 0.771492 0.047511 0.038010
0 0.806560 0.829864 0.052943 0.024435
0 0.438686 0.476922 0.061085 0.040723
0 0.410182 0.402262 0.074658 0.048870
0 0.223531 0.291630 0.024434 0.050225
0 0.146832 0.318778 0.031223 0.052941
0 0.029412 0.290272 0.051582 0.047512
0 0.785777 0.172837 0.056109 0.043161
0 0.967771 0.349799 0.054669 0.060425
0 0.727508 0.131115 0.040283 0.051793
0 0.741894 0.100181 0.037408 0.030214
0 0.351285 0.178593 0.056109 0.046038
0 0.274314 0.192259 0.043163 0.044599
0 0.488680 0.223911 0.043163 0.038846
0 0.333303 0.336130 0.034528 0.038846
0 0.019183 0.117446 0.038366 0.038846
0 0.080089 0.113131 0.069060 0.050355
0 0.020621 0.020237 0.041242 0.040475
