0 0.069040 0.356249 0.056317 0.033789
0 0.611546 0.423202 0.035040 0.045054
0 0.492031 0.477015 0.046306 0.037543
0 0.316826 0.562114 0.033789 0.030035
0 0.119722 0.600283 0.050058 0.023778
0 0.358125 0.681628 0.036291 0.038794
0 0.287417 0.711037 0.032538 0.032538
0 0.303686 0.688513 0.027531 0.032538
0 0.139120 0.704155 0.033789 0.023778
0 0.231105 0.876856 0.042549 0.021275
0 0.195437 0.839939 0.033789 0.035040
0 0.137242 0.813658 0.035040 0.037543
0 0.359375 0.853704 0.048808 0.035040
0 0.436969 0.972530 0.051309 0.054940
