0 0.943066 0.797406 0.052606 0.038579
0 0.853634 0.821955 0.052606 0.066635
0 0.785248 0.796528 0.059622 0.054361
0 0.940435 0.519464 0.064883 0.036824
0 0.919394 0.577332 0.068391 0.047346
0 0.791386 0.395838 0.071898 0.035071
0 0.699323 0.192424 0.056114 0.045594
0 0.530982 0.366029 0.063129 0.035071
0 0.660743 0.567688 0.052606 0.056113
0 0.712472 0.698329 0.064883 0.050853
0 0.801905 0.554535 0.061375 0.043839
0 0.399462 0.525601 0.063129 0.056113
0 0.365266 0.280104 0.061375 0.049101
0 0.296880 0.513327 0.064883 0.073650
0 0.324060 0.631693 0.080663 0.050853
0 0.467852 0.749182 0.059622 0.047346
0 0.420503 0.786006 0.049098 0.047346
0 0.374912 0.831600 0.077155 0.068388
0 0.100482 0.779869 0.057868 0.056113
0 0.038229 0.515957 0.056114 0.064883
0 0.431026 0.956103 0.052606 0.050853
0 0.594983 0.888590 0.036826 0.035071
