0 0.763803 0.017194 0.048868 0.034388
0 0.141405 0.184389 0.044797 0.063800
0 0.215385 0.180996 0.051582 0.046154
0 0.666063 0.229185 0.070588 0.042081
0 0.293440 0.407692 0.071945 0.051583
0 0.463120 0.512218 0.066517 0.024435
0 0.419006 0.546833 0.038008 0.066516
0 0.235069 0.462670 0.077377 0.033937
0 0.214706 0.406334 0.063803 0.038010
0 0.159049 0.563123 0.061085 0.042081
0 0.864931 0.611313 0.050225 0.038010
0 0.597511 0.723981 0.069231 0.043439
0 0.410182 0.829185 0.039365 0.066516
0 0.360635 0.818325 0.024434 0.077376
0 0.277148 0.794571 0.047511 0.024435
0 0.222852 0.683935 0.042083 0.063800
0 0.161763 0.890273 0.088237 0.044797
0 0.721720 0.898417 0.073302 0.039365
