0 0.056934 0.202594 0.052606 0.038579
0 0.146366 0.178045 0.052606 0.066635
0 0.214752 0.203472 0.059622 0.054361
0 0.059565 0.480536 0.064883 0.036824
0 0.080606 0.422668 0.068391 0.047346
0 0.208614 0.604162 0.071898 0.035071
0 0.300677 0.807576 0.056114 0.045594
0 0.469018 0.633971 0.063129 0.035071
0 0.339257 0.432312 0.052606 0.056113
0 0.287528 0.301671 0.064883 0.050853
0 0.198095 0.445465 0.061375 0.043839
0 0.600538 0.474399 0.063129 0.056113
0 0.634734 0.719896 0.061375 0.049101
0 0.703120 0.486673 0.064883 0.073650
0 0.675940 0.368307 0.080663 0.050853
0 0.532148 0.250818 0.059622 0.047346
0 0.579497 0.213994 0.049098 0.047346
0 0.625088 0.168400 0.077155 0.068388
0 0.899518 0.220131 0.057868 0.056113
0 0.961771 0.484043 0.056114 0.064883
0 0.568974 0.043897 0.052606 0.050853
0 0.405017 0.111410 0.036826 0.035071
