0 0.569040 0.547597 0.056317 0.033789
0 0.984439 0.426832 0.031122 0.037543
0 0.816826 0.341732 0.033789 0.030035
0 0.619722 0.303564 0.050058 0.023778
0 0.858125 0.222218 0.036291 0.038794
0 0.787417 0.192809 0.032538 0.032538
0 0.803686 0.215333 0.027531 0.032538
0 0.639120 0.199691 0.033789 0.023778
0 0.419488 0.172785 0.047557 0.037543
0 0.416986 0.219716 0.052560 0.043802
0 0.731105 0.026990 0.042549 0.021275
0 0.695437 0.063907 0.033789 0.035040
0 0.637242 0.090188 0.035040 0.037543
0 0.859375 0.050143 0.048808 0.035040
0 0.021441 0.143420 0.042882 0.029002
0 0.276965 0.125293 0.039360 0.019679
0 0.333932 0.021198 0.026931 0.029002
0 0.257095 0.682044 0.046038 0.034529
