0 0.203740 0.396855 0.053100 0.036001
0 0.280240 0.408556 0.031500 0.028802
0 0.360792 0.178148 0.045000 0.034202
0 0.346845 0.223149 0.045900 0.041401
0 0.193840 0.013020 0.044100 0.026040
0 0.144142 0.826041 0.049754 0.053987
0 0.208185 0.796930 0.067749 0.050812
0 0.350565 0.849329 0.034934 0.028581
0 0.386555 0.899081 0.051872 0.030700
0 0.094683 0.962931 0.047594 0.029020
0 0.596735 0.783005 0.065008 0.052237
0 0.392431 0.665183 0.048752 0.027859
0 0.359348 0.681435 0.038308 0.030180
0 0.290278 0.670407 0.044109 0.033664
0 0.119643 0.640227 0.062682 0.033664
0 0.057954 0.522919 0.066388 0.030032
0 0.632509 0.318231 0.045840 0.050578
0 0.602477 0.454163 0.055320 0.034773
0 0.607217 0.526079 0.039517 0.058484
0 0.668860 0.626449 0.045840 0.037935
0 0.973918 0.531611 0.052158 0.047419
0 0.812698 0.688884 0.061643 0.052159
