0 0.129446 0.669398 0.050289 0.041907
0 0.641412 0.517835 0.046098 0.034923
0 0.577854 0.397700 0.027937 0.029334
0 0.359237 0.318775 0.029335 0.044701
0 0.294982 0.408874 0.026543 0.040510
0 0.136429 0.393510 0.030734 0.029334
0 0.115480 0.283851 0.044700 0.030733
0 0.290791 0.292932 0.046098 0.023747
0 0.350158 0.152543 0.055878 0.033527
0 0.442355 0.017740 0.055878 0.026540
0 0.139226 0.190260 0.050289 0.025144
0 0.174848 0.155336 0.043306 0.022350
0 0.243995 0.130192 0.036318 0.022350
0 0.073572 0.084093 0.067052 0.025144
0 0.491892 0.520714 0.043011 0.044493
