0 0.744682 0.936462 0.045591 0.054361
0 0.666649 0.767242 0.047345 0.063128
0 0.696460 0.100013 0.050852 0.043839
0 0.443066 0.202594 0.052606 0.038579
0 0.353634 0.178045 0.052606 0.066635
0 0.285248 0.203472 0.059622 0.054361
0 0.440435 0.480536 0.064883 0.036824
0 0.419394 0.422668 0.068391 0.047346
0 0.593874 0.657646 0.035072 0.029812
0 0.291386 0.604162 0.071898 0.035071
0 0.199323 0.807576 0.056114 0.045594
0 0.031273 0.633971 0.062546 0.035071
0 0.160743 0.432312 0.052606 0.056113
0 0.212472 0.301671 0.064883 0.050853
0 0.301905 0.445465 0.061375 0.043839
0 0.094983 0.111410 0.036826 0.035071
