0 0.056934 0.797406 0.052606 0.038579
0 0.146366 0.821955 0.052606 0.066635
0 0.214752 0.796528 0.059622 0.054361
0 0.059565 0.519464 0.064883 0.036824
0 0.080606 0.577332 0.068391 0.047346
0 0.208614 0.395838 0.071898 0.035071
0 0.300677 0.192424 0.056114 0.045594
0 0.469018 0.366029 0.063129 0.035071
0 0.339257 0.567688 0.052606 0.056113
0 0.287528 0.698329 0.064883 0.050853
0 0.198095 0.554535 0.061375 0.043839
0 0.600538 0.525601 0.063129 0.056113
0 0.634734 0.280104 0.061375 0.049101
0 0.703120 0.513327 0.064883 0.073650
0 0.675940 0.631693 0.080663 0.050853
0 0.532148 0.749182 0.059622 0.047346
0 0.579497 0.786006 0.049098 0.047346
0 0.625088 0.831600 0.077155 0.068388
0 0.899518 0.779869 0.057868 0.056113
0 0.961771 0.515957 0.056114 0.064883
0 0.568974 0.956103 0.052606 0.050853
0 0.405017 0.888590 0.036826 0.035071
