0 0.036880 0.987782 0.066517 0.024435
0 0.080994 0.953167 0.038008 0.066516
0 0.340951 0.936877 0.061085 0.042081
0 0.501132 0.980317 0.096378 0.039366
0 0.605657 0.972851 0.058371 0.051583
0 0.733258 0.946381 0.036651 0.066516
0 0.669455 0.875792 0.066517 0.036653
0 0.089818 0.670815 0.039365 0.066516
0 0.139365 0.681675 0.024434 0.077376
0 0.222852 0.705429 0.047511 0.024435
0 0.277148 0.816065 0.042083 0.063800
0 0.507238 0.740724 0.054300 0.048870
0 0.589365 0.706110 0.044797 0.063800
0 0.560182 0.646380 0.051582 0.036653
0 0.971495 0.769910 0.054300 0.042081
0 0.338237 0.609727 0.088237 0.044797
0 0.707468 0.484162 0.063803 0.038010
0 0.525608 0.229326 0.053082 0.034923
0 0.609423 0.395558 0.039115 0.037717
