0 0.813576 0.292083 0.043439 0.033937
0 0.810860 0.353168 0.057014 0.025791
0 0.719232 0.623980 0.069232 0.035294
0 0.607239 0.201132 0.054299 0.047511
0 0.590270 0.291405 0.031221 0.062442
0 0.552263 0.283258 0.033937 0.040726
0 0.540045 0.357917 0.047512 0.040726
0 0.491178 0.032126 0.047512 0.051582
0 0.462669 0.079637 0.058372 0.035294
0 0.457918 0.395929 0.038010 0.054300
0 0.515610 0.530994 0.044797 0.058371
0 0.479638 0.537783 0.035295 0.039365
0 0.480996 0.600903 0.040723 0.046154
0 0.419230 0.729866 0.050225 0.048868
0 0.375114 0.668777 0.035295 0.059728
0 0.310953 0.282515 0.037405 0.038843
0 0.187944 0.143680 0.044599 0.028772
0 0.147660 0.135049 0.030214 0.037408
0 0.200891 0.224966 0.053232 0.053234
0 0.207366 0.295462 0.025897 0.044598
0 0.108814 0.328554 0.027335 0.050354
0 0.233263 0.480335 0.054670 0.063305
0 0.141185 0.526378 0.048917 0.066180
0 0.207366 0.591838 0.051793 0.047478
