0 0.919162 0.027647 0.047345 0.035071
0 0.679798 0.341535 0.049098 0.028057
0 0.602643 0.444997 0.035072 0.035071
0 0.769231 0.349427 0.038580 0.029812
0 0.361526 0.222294 0.033318 0.049101
0 0.513211 0.274025 0.038580 0.036824
0 0.397475 0.030279 0.052606 0.047346
0 0.332592 0.096037 0.045591 0.042086
0 0.221242 0.111819 0.050852 0.042086
0 0.279986 0.201252 0.031565 0.042086
0 0.143209 0.087270 0.028057 0.052606
0 0.110768 0.086393 0.040334 0.040331
0 0.116029 0.295944 0.078909 0.038579
0 0.493923 0.423955 0.056114 0.028057
0 0.894257 0.262095 0.067006 0.045762
