0 0.870554 0.669398 0.050289 0.041907
0 0.358588 0.517835 0.046098 0.034923
0 0.422146 0.397700 0.027937 0.029334
0 0.640763 0.318775 0.029335 0.044701
0 0.705018 0.408874 0.026543 0.040510
0 0.863571 0.393510 0.030734 0.029334
0 0.884520 0.283851 0.044700 0.030733
0 0.709209 0.292932 0.046098 0.023747
0 0.649842 0.152543 0.055878 0.033527
0 0.557645 0.017740 0.055878 0.026540
0 0.860774 0.190260 0.050289 0.025144
0 0.825152 0.155336 0.043306 0.022350
0 0.756005 0.130192 0.036318 0.022350
0 0.926428 0.084093 0.067052 0.025144
0 0.508108 0.520714 0.043011 0.044493
