0 0.861526 0.222294 0.033318 0.049101
0 0.897475 0.030279 0.052606 0.047346
0 0.832592 0.096037 0.045591 0.042086
0 0.721242 0.111819 0.050852 0.042086
0 0.779986 0.201252 0.031565 0.042086
0 0.643209 0.087270 0.028057 0.052606
0 0.610768 0.086393 0.040334 0.040331
0 0.331948 0.023469 0.061375 0.046938
0 0.417877 0.189852 0.057868 0.064883
0 0.616029 0.295944 0.078909 0.038579
0 0.982933 0.423955 0.034134 0.028057
0 0.430149 0.460779 0.068391 0.052606
0 0.308275 0.643148 0.045591 0.052606
0 0.091712 0.041677 0.033318 0.042086
0 0.246023 0.667700 0.033318 0.045594
