0 0.703098 0.199885 0.041723 0.043161
0 0.643389 0.181182 0.031652 0.060425
0 0.549157 0.279732 0.027337 0.047478
0 0.372914 0.276137 0.048918 0.077690
0 0.790860 0.389075 0.053234 0.041723
0 0.719645 0.401305 0.043163 0.051793
0 0.649145 0.444466 0.043163 0.051793
0 0.493768 0.519999 0.031652 0.038846
0 0.409602 0.511367 0.056109 0.058987
0 0.316805 0.491942 0.054669 0.051793
0 0.959813 0.513524 0.080373 0.034529
0 0.908114 0.590495 0.077691 0.082007
0 0.799491 0.597689 0.061865 0.038846
0 0.670006 0.592652 0.044598 0.046038
0 0.338963 0.627308 0.054360 0.038579
0 0.720485 0.686277 0.032626 0.038561
0 0.956298 0.784160 0.044492 0.038561
0 0.859154 0.818271 0.031145 0.065257
0 0.785742 0.808631 0.026695 0.048943
0 0.385306 0.825688 0.035594 0.044493
0 0.421643 0.781935 0.054872 0.034111
0 0.488382 0.734477 0.057840 0.045975
0 0.574403 0.881303 0.054872 0.037078
0 0.466135 0.845710 0.031145 0.040043
0 0.099069 0.843485 0.029663 0.062290
