0 0.392982 0.597277 0.045909 0.044379
0 0.332534 0.443481 0.059682 0.042850
0 0.559782 0.015762 0.058149 0.022955
0 0.610283 0.132830 0.055089 0.058151
0 0.646246 0.324883 0.047442 0.047440
0 0.719700 0.299633 0.044377 0.030606
0 0.762549 0.200164 0.050502 0.036728
0 0.896451 0.104519 0.052029 0.044379
0 0.907163 0.202459 0.045909 0.050500
0 0.861254 0.192511 0.045909 0.048969
0 0.885738 0.392217 0.076514 0.053561
0 0.508518 0.526882 0.053562 0.041318
0 0.538362 0.441952 0.067334 0.036728
0 0.221589 0.451132 0.039789 0.036728
