0 0.368174 0.120178 0.045498 0.029118
0 0.303568 0.188426 0.047317 0.027299
0 0.675748 0.099248 0.038220 0.030938
0 0.846822 0.223004 0.034578 0.030938
0 0.859560 0.199345 0.049140 0.020019
0 0.701225 0.394989 0.052777 0.021839
0 0.845003 0.401360 0.060060 0.030938
0 0.554718 0.516016 0.050958 0.023659
0 0.694855 0.648872 0.058237 0.023659
0 0.854100 0.667982 0.038220 0.029118
0 0.972095 0.562425 0.055810 0.021839
0 0.304269 0.986697 0.047418 0.026606
0 0.636194 0.816913 0.034772 0.034773
0 0.640149 0.682560 0.039517 0.022130
0 0.708905 0.790832 0.034772 0.026870
0 0.793468 0.870653 0.030032 0.034773
0 0.964172 0.822445 0.048997 0.042676
0 0.117000 0.461157 0.034334 0.038371
0 0.750725 0.839006 0.043500 0.030037
0 0.783235 0.409937 0.034528 0.034529
0 0.839622 0.107844 0.045462 0.027060
