0 0.036880 0.012218 0.066517 0.024435
0 0.080994 0.046833 0.038008 0.066516
0 0.340951 0.063123 0.061085 0.042081
0 0.501132 0.019683 0.096378 0.039366
0 0.605657 0.027149 0.058371 0.051583
0 0.733258 0.053619 0.036651 0.066516
0 0.669455 0.124208 0.066517 0.036653
0 0.089818 0.329185 0.039365 0.066516
0 0.139365 0.318325 0.024434 0.077376
0 0.222852 0.294571 0.047511 0.024435
0 0.277148 0.183935 0.042083 0.063800
0 0.507238 0.259276 0.054300 0.048870
0 0.589365 0.293890 0.044797 0.063800
0 0.560182 0.353620 0.051582 0.036653
0 0.971495 0.230090 0.054300 0.042081
0 0.338237 0.390273 0.088237 0.044797
0 0.707468 0.515838 0.063803 0.038010
0 0.525608 0.770674 0.053082 0.034923
0 0.609423 0.604442 0.039115 0.037717
