0 0.986990 0.589818 0.026019 0.074658
0 0.887783 0.776469 0.050225 0.024434
0 0.914931 0.853168 0.052941 0.031223
0 0.886426 0.970588 0.047512 0.051582
0 0.768991 0.214223 0.043161 0.056109
0 0.945953 0.032229 0.060425 0.054669
0 0.727268 0.272492 0.051793 0.040283
0 0.696335 0.258106 0.030214 0.037408
0 0.774747 0.648715 0.046038 0.056109
0 0.788413 0.725686 0.044599 0.043163
0 0.820065 0.511320 0.038846 0.043163
0 0.932284 0.666697 0.038846 0.034528
0 0.713600 0.980817 0.038846 0.038366
0 0.709285 0.919911 0.050355 0.069060
0 0.612890 0.979379 0.047478 0.041242
