0 0.284643 0.823104 0.057272 0.062861
0 0.349600 0.831487 0.050289 0.037717
0 0.215495 0.599598 0.053082 0.057274
0 0.629680 0.720431 0.040509 0.050287
0 0.573105 0.760243 0.036318 0.048891
0 0.458560 0.491339 0.050289 0.055877
0 0.603137 0.487847 0.046098 0.051687
0 0.662509 0.381682 0.044700 0.037717
0 0.734449 0.380984 0.054480 0.053084
0 0.092569 0.445241 0.041908 0.050287
0 0.045774 0.483657 0.051688 0.032130
0 0.140989 0.188331 0.042494 0.070278
0 0.219437 0.198955 0.049029 0.058837
0 0.449062 0.224285 0.057203 0.057201
0 0.505448 0.133581 0.052297 0.052300
0 0.585529 0.207942 0.071912 0.040858
0 0.346918 0.109883 0.052297 0.027784
0 0.018414 0.300282 0.035954 0.039225
