0 0.144142 0.326041 0.049754 0.053987
0 0.208185 0.296930 0.067749 0.050812
0 0.350565 0.349329 0.034934 0.028581
0 0.386555 0.399081 0.051872 0.030700
0 0.094683 0.462931 0.047594 0.029020
0 0.715715 0.774610 0.054558 0.053398
0 0.477169 0.614998 0.048752 0.031341
0 0.596735 0.283005 0.065008 0.052237
0 0.392431 0.165183 0.048752 0.027859
0 0.359348 0.181435 0.038308 0.030180
0 0.290278 0.170407 0.044109 0.033664
0 0.119643 0.140227 0.062682 0.033664
0 0.057954 0.022919 0.066388 0.030032
0 0.607217 0.027660 0.039517 0.055321
0 0.668860 0.126449 0.045840 0.037935
0 0.973918 0.031611 0.052158 0.047419
0 0.812698 0.188884 0.061643 0.052159
