0 0.430960 0.452403 0.056317 0.033789
0 0.015561 0.573168 0.031122 0.037543
0 0.183174 0.658268 0.033789 0.030035
0 0.380278 0.696436 0.050058 0.023778
0 0.141875 0.777782 0.036291 0.038794
0 0.212583 0.807191 0.032538 0.032538
0 0.196314 0.784667 0.027531 0.032538
0 0.360880 0.800309 0.033789 0.023778
0 0.580512 0.827215 0.047557 0.037543
0 0.583014 0.780284 0.052560 0.043802
0 0.268895 0.973010 0.042549 0.021275
0 0.304563 0.936093 0.033789 0.035040
0 0.362758 0.909812 0.035040 0.037543
0 0.140625 0.949857 0.048808 0.035040
0 0.978559 0.856580 0.042882 0.029002
0 0.723035 0.874707 0.039360 0.019679
0 0.666068 0.978802 0.026931 0.029002
0 0.742905 0.317956 0.046038 0.034529
