0 0.679798 0.220480 0.049098 0.042086
0 0.878828 0.098609 0.015780 0.026304
0 0.919162 0.623801 0.047345 0.035071
0 0.679798 0.937689 0.049098 0.028057
0 0.769231 0.945581 0.038580 0.029812
0 0.361526 0.818447 0.033318 0.049101
0 0.513211 0.870178 0.038580 0.036824
0 0.435178 0.528231 0.050852 0.036824
0 0.397475 0.626433 0.052606 0.047346
0 0.332592 0.692191 0.045591 0.042086
0 0.221242 0.707973 0.050852 0.042086
0 0.279986 0.797406 0.031565 0.042086
0 0.143209 0.683424 0.028057 0.052606
0 0.110768 0.682547 0.040334 0.040331
0 0.298397 0.389700 0.050852 0.040331
0 0.161620 0.216976 0.054360 0.042086
0 0.147594 0.177519 0.064883 0.040331
0 0.026012 0.199439 0.052023 0.035071
0 0.116029 0.892098 0.078909 0.038579
0 0.320597 0.012409 0.057840 0.024819
0 0.213811 0.406713 0.034112 0.031146
0 0.894257 0.858249 0.067006 0.045762
