0 0.805145 0.947282 0.058237 0.023659
0 0.645900 0.928172 0.038220 0.029118
0 0.326497 0.980040 0.043680 0.030938
0 0.984852 0.583247 0.030296 0.031613
0 0.863806 0.779241 0.034772 0.034773
0 0.859851 0.913594 0.039517 0.022130
0 0.791095 0.805322 0.034772 0.026870
0 0.706532 0.725500 0.030032 0.034773
0 0.535828 0.773708 0.048997 0.042676
0 0.422815 0.842465 0.037934 0.044257
0 0.463117 0.700211 0.039517 0.050578
0 0.086935 0.720760 0.042678 0.041097
0 0.646468 0.279769 0.033194 0.044257
0 0.749275 0.757147 0.043500 0.030037
