0 0.947282 0.194855 0.023659 0.058237
0 0.928172 0.354100 0.029118 0.038220
0 0.980040 0.673503 0.030938 0.043680
0 0.583247 0.015148 0.031613 0.030296
0 0.779241 0.136194 0.034773 0.034772
0 0.913594 0.140149 0.022130 0.039517
0 0.805322 0.208905 0.026870 0.034772
0 0.725500 0.293468 0.034773 0.030032
0 0.773708 0.464172 0.042676 0.048997
0 0.842465 0.577185 0.044257 0.037934
0 0.700211 0.536883 0.050578 0.039517
0 0.720760 0.913065 0.041097 0.042678
0 0.279769 0.353532 0.044257 0.033194
0 0.757147 0.250725 0.030037 0.043500
