0 0.984511 0.555822 0.021956 0.045129
0 0.854072 0.672623 0.029864 0.063803
0 0.838462 0.850454 0.039365 0.047511
0 0.930090 0.974435 0.032579 0.051130
0 0.682352 0.640043 0.044797 0.039365
0 0.698643 0.709957 0.044797 0.046154
0 0.539141 0.458146 0.043439 0.036651
0 0.506561 0.317649 0.029864 0.043440
0 0.554751 0.134391 0.031221 0.032580
0 0.621945 0.830091 0.032579 0.044797
0 0.698643 0.921720 0.025793 0.046154
0 0.256565 0.862172 0.060067 0.036318
0 0.482126 0.504978 0.025793 0.038008
0 0.271324 0.950571 0.018402 0.025980
