0 0.284643 0.176896 0.057272 0.062861
0 0.349600 0.168513 0.050289 0.037717
0 0.215495 0.400402 0.053082 0.057274
0 0.629680 0.279569 0.040509 0.050287
0 0.573105 0.239757 0.036318 0.048891
0 0.458560 0.508661 0.050289 0.055877
0 0.603137 0.512153 0.046098 0.051687
0 0.662509 0.618318 0.044700 0.037717
0 0.734449 0.619016 0.054480 0.053084
0 0.092569 0.554759 0.041908 0.050287
0 0.045774 0.516343 0.051688 0.032130
0 0.140989 0.811669 0.042494 0.070278
0 0.219437 0.801045 0.049029 0.058837
0 0.449062 0.775715 0.057203 0.057201
0 0.505448 0.866419 0.052297 0.052300
0 0.585529 0.792058 0.071912 0.040858
0 0.346918 0.890117 0.052297 0.027784
0 0.018414 0.699718 0.035954 0.039225
