0 0.919162 0.972353 0.047345 0.035071
0 0.679798 0.658465 0.049098 0.028057
0 0.602643 0.555003 0.035072 0.035071
0 0.769231 0.650573 0.038580 0.029812
0 0.361526 0.777706 0.033318 0.049101
0 0.513211 0.725975 0.038580 0.036824
0 0.397475 0.969721 0.052606 0.047346
0 0.332592 0.903963 0.045591 0.042086
0 0.221242 0.888181 0.050852 0.042086
0 0.279986 0.798748 0.031565 0.042086
0 0.143209 0.912730 0.028057 0.052606
0 0.110768 0.913607 0.040334 0.040331
0 0.116029 0.704056 0.078909 0.038579
0 0.493923 0.576045 0.056114 0.028057
0 0.894257 0.737905 0.067006 0.045762
