0 0.422146 0.897700 0.027937 0.029334
0 0.640763 0.818775 0.029335 0.044701
0 0.705018 0.908874 0.026543 0.040510
0 0.863571 0.893510 0.030734 0.029334
0 0.884520 0.783851 0.044700 0.030733
0 0.709209 0.792932 0.046098 0.023747
0 0.649842 0.652543 0.055878 0.033527
0 0.557645 0.517740 0.055878 0.026540
0 0.860774 0.690260 0.050289 0.025144
0 0.825152 0.655336 0.043306 0.022350
0 0.756005 0.630192 0.036318 0.022350
0 0.926428 0.584093 0.067052 0.025144
0 0.974839 0.435240 0.050322 0.032122
0 0.789702 0.409543 0.037260 0.037263
0 0.700403 0.392195 0.046255 0.028267
0 0.898920 0.142282 0.037260 0.026982
0 0.861660 0.191108 0.039831 0.034692
0 0.843669 0.214878 0.042402 0.028267
0 0.098423 0.162197 0.047543 0.023129
0 0.307865 0.192393 0.044972 0.021844
0 0.439565 0.178903 0.035977 0.028267
0 0.669563 0.094741 0.035977 0.029552
