0 0.054718 0.016016 0.050958 0.023659
0 0.194855 0.148872 0.058237 0.023659
0 0.354100 0.167982 0.038220 0.029118
0 0.476038 0.062425 0.063697 0.021839
0 0.598882 0.022112 0.032760 0.044223
0 0.673503 0.116114 0.043680 0.030938
0 0.963783 0.024205 0.038220 0.036398
0 0.015148 0.512907 0.030296 0.031613
0 0.136194 0.316913 0.034772 0.034773
0 0.140149 0.182560 0.039517 0.022130
0 0.208905 0.290832 0.034772 0.026870
0 0.293468 0.370653 0.030032 0.034773
0 0.464172 0.322445 0.048997 0.042676
0 0.577185 0.253689 0.037934 0.044257
0 0.536883 0.395943 0.039517 0.050578
0 0.913065 0.375394 0.042678 0.041097
0 0.353532 0.816385 0.033194 0.044257
0 0.250725 0.339006 0.043500 0.030037
