0 0.980001 0.506232 0.038846 0.031652
0 0.979570 0.590398 0.040860 0.056109
0 0.984606 0.040187 0.030788 0.080373
0 0.909505 0.091886 0.082007 0.077691
0 0.902311 0.200509 0.038846 0.061865
0 0.907348 0.329994 0.046038 0.044598
0 0.872692 0.661037 0.038579 0.054360
0 0.813723 0.279515 0.038561 0.032626
0 0.715840 0.043702 0.038561 0.044492
0 0.681729 0.140846 0.065257 0.031145
0 0.691369 0.214258 0.048943 0.026695
0 0.674312 0.614694 0.044493 0.035594
0 0.718065 0.578357 0.034111 0.054872
0 0.765523 0.511618 0.045975 0.057840
0 0.618697 0.425597 0.037078 0.054872
0 0.654290 0.533865 0.040043 0.031145
0 0.656515 0.900931 0.062290 0.029663
0 0.253857 0.632491 0.031146 0.050423
0 0.390300 0.649545 0.054875 0.045974
0 0.304905 0.879252 0.045038 0.053617
