0 0.967874 0.016289 0.051582 0.032578
0 0.920363 0.037331 0.035294 0.058372
0 0.604071 0.042082 0.054300 0.038010
0 0.462217 0.020362 0.039365 0.035295
0 0.399097 0.019683 0.046154 0.039366
0 0.270134 0.080770 0.048868 0.050225
0 0.331223 0.124886 0.059728 0.035295
0 0.717485 0.189047 0.038843 0.037405
0 0.856320 0.312056 0.028772 0.044599
0 0.864951 0.352340 0.037408 0.030214
0 0.775034 0.299109 0.053234 0.053232
0 0.704538 0.292634 0.044598 0.025897
0 0.671446 0.391186 0.050354 0.027335
0 0.519665 0.266737 0.063305 0.054670
0 0.473622 0.358815 0.066180 0.048917
0 0.408162 0.292634 0.047478 0.051793
0 0.293068 0.502686 0.044598 0.037405
0 0.985709 0.513476 0.028582 0.035967
0 0.477185 0.766484 0.058671 0.032130
