0 0.683174 0.062114 0.033789 0.030035
0 0.880278 0.100283 0.050058 0.023778
0 0.641875 0.181628 0.036291 0.038794
0 0.712583 0.211037 0.032538 0.032538
0 0.696314 0.188513 0.027531 0.032538
0 0.860880 0.204155 0.033789 0.023778
0 0.768895 0.376856 0.042549 0.021275
0 0.804563 0.339939 0.033789 0.035040
0 0.862758 0.313658 0.035040 0.037543
0 0.640625 0.353704 0.048808 0.035040
0 0.563031 0.472592 0.051309 0.055064
0 0.699457 0.606844 0.038728 0.025819
0 0.780383 0.594930 0.027803 0.037732
0 0.859329 0.819345 0.050640 0.029788
0 0.846420 0.776646 0.052629 0.031774
0 0.946708 0.826790 0.034754 0.034755
0 0.451209 0.824308 0.036738 0.025819
0 0.515257 0.686284 0.033762 0.023833
0 0.293631 0.802049 0.057794 0.030417
0 0.162835 0.889246 0.037514 0.062863
0 0.680234 0.944342 0.028052 0.052448
