0 0.138474 0.777706 0.033318 0.049101
0 0.102525 0.969721 0.052606 0.047346
0 0.167408 0.903963 0.045591 0.042086
0 0.278758 0.888181 0.050852 0.042086
0 0.220014 0.798748 0.031565 0.042086
0 0.356791 0.912730 0.028057 0.052606
0 0.389232 0.913607 0.040334 0.040331
0 0.668052 0.976531 0.061375 0.046938
0 0.582123 0.810148 0.057868 0.064883
0 0.383971 0.704056 0.078909 0.038579
0 0.017067 0.576045 0.034134 0.028057
0 0.569851 0.539221 0.068391 0.052606
0 0.691725 0.356852 0.045591 0.052606
0 0.908288 0.958323 0.033318 0.042086
0 0.753977 0.332300 0.033318 0.045594
