0 0.236197 0.017194 0.048868 0.034388
0 0.858595 0.184389 0.044797 0.063800
0 0.784615 0.180996 0.051582 0.046154
0 0.333937 0.229185 0.070588 0.042081
0 0.706560 0.407692 0.071945 0.051583
0 0.536880 0.512218 0.066517 0.024435
0 0.580994 0.546833 0.038008 0.066516
0 0.764931 0.462670 0.077377 0.033937
0 0.785294 0.406334 0.063803 0.038010
0 0.840951 0.563123 0.061085 0.042081
0 0.135069 0.611313 0.050225 0.038010
0 0.402489 0.723981 0.069231 0.043439
0 0.589818 0.829185 0.039365 0.066516
0 0.639365 0.818325 0.024434 0.077376
0 0.722852 0.794571 0.047511 0.024435
0 0.777148 0.683935 0.042083 0.063800
0 0.838237 0.890273 0.088237 0.044797
0 0.278280 0.898417 0.073302 0.039365
