0 0.134980 0.871159 0.031712 0.034152
0 0.143518 0.813830 0.034154 0.029274
0 0.153885 0.782728 0.042688 0.025614
0 0.306958 0.901650 0.048789 0.024393
0 0.692389 0.809562 0.048789 0.028054
0 0.597862 0.851643 0.035372 0.036590
0 0.292323 0.607701 0.036591 0.026834
0 0.444178 0.484511 0.045129 0.021956
0 0.214263 0.594894 0.026834 0.032932
0 0.078875 0.570498 0.048789 0.032932
0 0.327377 0.354072 0.063803 0.029864
0 0.149546 0.338462 0.047511 0.039365
0 0.025565 0.430090 0.051130 0.032579
0 0.359957 0.182352 0.039365 0.044797
0 0.290043 0.198643 0.046154 0.044797
0 0.541854 0.039141 0.036651 0.043439
0 0.682351 0.010747 0.043440 0.021493
0 0.865609 0.054751 0.032580 0.031221
0 0.930769 0.526470 0.038008 0.035295
0 0.169909 0.121945 0.044797 0.032579
0 0.078280 0.198643 0.046154 0.025793
0 0.461735 0.720062 0.040445 0.032117
0 0.505748 0.567209 0.045203 0.021410
0 0.135806 0.970459 0.042822 0.026169
