0 0.044768 0.481084 0.083229 0.034049
0 0.084488 0.439470 0.045397 0.068097
0 0.197038 0.598360 0.054854 0.037831
0 0.288778 0.593632 0.041612 0.058639
0 0.277429 0.819672 0.056746 0.068097
0 0.349305 0.826292 0.034048 0.062422
0 0.627363 0.709016 0.034048 0.069987
0 0.493065 0.569987 0.037832 0.049182
0 0.599938 0.472574 0.066203 0.047289
0 0.709646 0.495272 0.054854 0.077552
0 0.668034 0.374211 0.066203 0.039724
0 0.546972 0.264502 0.062423 0.035939
0 0.596154 0.209648 0.085122 0.039724
0 0.563052 0.155736 0.071880 0.041614
0 0.283102 0.312736 0.052962 0.060529
0 0.338902 0.447983 0.081337 0.054854
0 0.213114 0.511350 0.071880 0.049182
0 0.943254 0.258827 0.075660 0.077552
0 0.214346 0.207255 0.039789 0.041318
0 0.133240 0.185828 0.052029 0.068863
0 0.352069 0.105488 0.073454 0.058151
