0 0.802983 0.035941 0.029700 0.045002
0 0.702178 0.199748 0.038700 0.039602
0 0.544674 0.174547 0.049500 0.025201
0 0.296260 0.396855 0.053100 0.036001
0 0.219760 0.408556 0.031500 0.028802
0 0.139208 0.178148 0.045000 0.034202
0 0.153155 0.223149 0.045900 0.041401
0 0.306160 0.013020 0.044100 0.026040
0 0.871383 0.323504 0.029700 0.024300
0 0.648552 0.904905 0.029640 0.033875
0 0.355858 0.826041 0.049754 0.053987
0 0.291815 0.796930 0.067749 0.050812
0 0.149435 0.849329 0.034934 0.028581
0 0.113445 0.899081 0.051872 0.030700
0 0.405317 0.962931 0.047594 0.029020
0 0.107569 0.665183 0.048752 0.027859
0 0.140652 0.681435 0.038308 0.030180
0 0.209722 0.670407 0.044109 0.033664
0 0.380357 0.640227 0.062682 0.033664
0 0.442046 0.522919 0.066388 0.030032
