0 0.292083 0.186424 0.033937 0.043439
0 0.353168 0.189140 0.025791 0.057014
0 0.623980 0.280768 0.035294 0.069232
0 0.201132 0.392761 0.047511 0.054299
0 0.291405 0.409730 0.062442 0.031221
0 0.283258 0.447737 0.040726 0.033937
0 0.357917 0.459955 0.040726 0.047512
0 0.032126 0.508822 0.051582 0.047512
0 0.079637 0.537331 0.035294 0.058372
0 0.395929 0.542082 0.054300 0.038010
0 0.530994 0.484390 0.058371 0.044797
0 0.537783 0.520362 0.039365 0.035295
0 0.600903 0.519004 0.046154 0.040723
0 0.729866 0.580770 0.048868 0.050225
0 0.668777 0.624886 0.059728 0.035295
0 0.282515 0.689047 0.038843 0.037405
0 0.143680 0.812056 0.028772 0.044599
0 0.135049 0.852340 0.037408 0.030214
0 0.224966 0.799109 0.053234 0.053232
0 0.295462 0.792634 0.044598 0.025897
0 0.328554 0.891186 0.050354 0.027335
0 0.480335 0.766737 0.063305 0.054670
0 0.526378 0.858815 0.066180 0.048917
0 0.591838 0.792634 0.047478 0.051793
