0 0.330602 0.870554 0.041907 0.050289
0 0.482165 0.358588 0.034923 0.046098
0 0.602300 0.422146 0.029334 0.027937
0 0.681225 0.640763 0.044701 0.029335
0 0.591126 0.705018 0.040510 0.026543
0 0.606490 0.863571 0.029334 0.030734
0 0.716149 0.884520 0.030733 0.044700
0 0.707068 0.709209 0.023747 0.046098
0 0.847457 0.649842 0.033527 0.055878
0 0.982260 0.557645 0.026540 0.055878
0 0.809740 0.860774 0.025144 0.050289
0 0.844664 0.825152 0.022350 0.043306
0 0.869808 0.756005 0.022350 0.036318
0 0.915907 0.926428 0.025144 0.067052
0 0.479286 0.508108 0.044493 0.043011
