0 0.144142 0.229887 0.049754 0.053987
0 0.208185 0.200777 0.067749 0.050812
0 0.350565 0.253175 0.034934 0.028581
0 0.386555 0.302927 0.051872 0.030700
0 0.094683 0.366777 0.047594 0.029020
0 0.715715 0.678456 0.054558 0.053398
0 0.477169 0.518844 0.048752 0.031341
0 0.596735 0.186851 0.065008 0.052237
0 0.392431 0.069030 0.048752 0.027859
0 0.359348 0.085282 0.038308 0.030180
0 0.290278 0.074253 0.044109 0.033664
0 0.119643 0.044073 0.062682 0.033664
0 0.668860 0.030295 0.045840 0.037935
0 0.812698 0.092730 0.061643 0.052159
