0 0.796260 0.603145 0.053100 0.036001
0 0.719760 0.591444 0.031500 0.028802
0 0.639208 0.821852 0.045000 0.034202
0 0.653155 0.776851 0.045900 0.041401
0 0.806160 0.986980 0.044100 0.026040
0 0.855858 0.173959 0.049754 0.053987
0 0.791815 0.203070 0.067749 0.050812
0 0.649435 0.150671 0.034934 0.028581
0 0.613445 0.100919 0.051872 0.030700
0 0.905317 0.037069 0.047594 0.029020
0 0.403265 0.216995 0.065008 0.052237
0 0.607569 0.334817 0.048752 0.027859
0 0.640652 0.318565 0.038308 0.030180
0 0.709722 0.329593 0.044109 0.033664
0 0.880357 0.359773 0.062682 0.033664
0 0.942046 0.477081 0.066388 0.030032
0 0.367491 0.681769 0.045840 0.050578
0 0.397523 0.545837 0.055320 0.034773
0 0.392783 0.473921 0.039517 0.058484
0 0.331140 0.373551 0.045840 0.037935
0 0.026082 0.468389 0.052158 0.047419
0 0.187302 0.311116 0.061643 0.052159
