0 0.945282 0.983984 0.050958 0.023659
0 0.805145 0.851128 0.058237 0.023659
0 0.645900 0.832018 0.038220 0.029118
0 0.523962 0.937575 0.063697 0.021839
0 0.401118 0.977888 0.032760 0.044223
0 0.326497 0.883886 0.043680 0.030938
0 0.036217 0.975795 0.038220 0.036398
0 0.984852 0.487093 0.030296 0.031613
0 0.863806 0.683087 0.034772 0.034773
0 0.859851 0.817440 0.039517 0.022130
0 0.791095 0.709168 0.034772 0.026870
0 0.706532 0.629347 0.030032 0.034773
0 0.535828 0.677555 0.048997 0.042676
0 0.422815 0.746311 0.037934 0.044257
0 0.463117 0.604057 0.039517 0.050578
0 0.086935 0.624606 0.042678 0.041097
0 0.646468 0.183615 0.033194 0.044257
0 0.749275 0.660994 0.043500 0.030037
