0 0.974326 0.170302 0.051349 0.027360
0 0.908802 0.276169 0.070182 0.036877
0 0.929620 0.346946 0.068993 0.047580
0 0.972441 0.657414 0.047582 0.052338
0 0.882633 0.509320 0.051149 0.082080
0 0.811262 0.581878 0.053530 0.055906
0 0.796391 0.214909 0.038065 0.040445
0 0.778548 0.136992 0.059478 0.051148
0 0.827913 0.017050 0.055908 0.034099
0 0.713885 0.937411 0.061212 0.041317
0 0.726126 0.494389 0.058151 0.042849
0 0.706234 0.420169 0.048969 0.053562
0 0.466742 0.639769 0.047440 0.070394
0 0.342788 0.632883 0.038257 0.071926
