0 0.939785 0.256306 0.069987 0.081337
0 0.777113 0.336697 0.054854 0.064311
0 0.895334 0.397228 0.041614 0.049182
0 0.878311 0.439786 0.034049 0.020806
0 0.406369 0.069042 0.035939 0.066203
0 0.481084 0.544768 0.034049 0.083229
0 0.439470 0.584488 0.068097 0.045397
0 0.598360 0.697038 0.037831 0.054854
0 0.593632 0.788778 0.058639 0.041612
0 0.819672 0.777429 0.068097 0.056746
0 0.826292 0.849305 0.062422 0.034048
0 0.569987 0.987074 0.049182 0.025852
0 0.312736 0.783102 0.060529 0.052962
0 0.447983 0.838902 0.054854 0.081337
0 0.511350 0.713114 0.049182 0.071880
0 0.207255 0.714346 0.041318 0.039789
0 0.185828 0.633240 0.068863 0.052029
0 0.105488 0.852069 0.058151 0.073454
0 0.347275 0.324882 0.033667 0.047442
0 0.578351 0.445011 0.042850 0.055089
