0 0.445282 0.983984 0.050958 0.023659
0 0.305145 0.851128 0.058237 0.023659
0 0.145900 0.832018 0.038220 0.029118
0 0.027905 0.937575 0.055810 0.021839
0 0.695731 0.511590 0.047418 0.030032
0 0.574023 0.475236 0.037934 0.030032
0 0.488671 0.487093 0.037934 0.031613
0 0.363806 0.683087 0.034772 0.034773
0 0.359851 0.817440 0.039517 0.022130
0 0.291095 0.709168 0.034772 0.026870
0 0.206532 0.629347 0.030032 0.034773
0 0.035828 0.677555 0.048997 0.042676
0 0.146468 0.183615 0.033194 0.044257
0 0.249275 0.660994 0.043500 0.030037
