0 0.170302 0.025674 0.027360 0.051349
0 0.276169 0.091198 0.036877 0.070182
0 0.346946 0.070380 0.047580 0.068993
0 0.657414 0.027559 0.052338 0.047582
0 0.509320 0.117367 0.082080 0.051149
0 0.581878 0.188738 0.055906 0.053530
0 0.214909 0.203609 0.040445 0.038065
0 0.136992 0.221452 0.051148 0.059478
0 0.017050 0.172087 0.034099 0.055908
0 0.937411 0.286115 0.041317 0.061212
0 0.494389 0.273874 0.042849 0.058151
0 0.420169 0.293766 0.053562 0.048969
0 0.639769 0.533258 0.070394 0.047440
0 0.632883 0.657212 0.071926 0.038257
