0 0.827377 0.950226 0.063803 0.029864
0 0.649546 0.934615 0.047511 0.039365
0 0.327826 0.975339 0.047511 0.031221
0 0.859957 0.778506 0.039365 0.044797
0 0.790043 0.794797 0.046154 0.044797
0 0.669909 0.718099 0.044797 0.032579
0 0.578280 0.794797 0.046154 0.025793
0 0.424209 0.840951 0.023077 0.042081
0 0.431672 0.796155 0.035294 0.017646
0 0.445251 0.747965 0.040726 0.040723
0 0.637828 0.352719 0.036318 0.060067
0 0.247394 0.335257 0.026543 0.050287
0 0.303969 0.312208 0.027937 0.048891
0 0.120974 0.789953 0.033526 0.037717
0 0.988009 0.578280 0.023982 0.025793
0 0.549429 0.367478 0.025980 0.018402
0 0.472038 0.426468 0.029225 0.028142
