0 0.458560 0.981700 0.050289 0.036600
0 0.603137 0.981002 0.046098 0.037997
0 0.662509 0.881682 0.044700 0.037717
0 0.734449 0.880984 0.054480 0.053084
0 0.092569 0.945241 0.041908 0.050287
0 0.045774 0.983657 0.051688 0.032130
0 0.019013 0.478318 0.038027 0.039225
0 0.140989 0.688331 0.042494 0.070278
0 0.219437 0.698955 0.049029 0.058837
0 0.449062 0.724285 0.057203 0.057201
0 0.505448 0.633581 0.052297 0.052300
0 0.585529 0.707942 0.071912 0.040858
0 0.709738 0.490574 0.071912 0.047395
0 0.527509 0.230715 0.031052 0.044127
0 0.346918 0.609883 0.052297 0.027784
0 0.018414 0.800282 0.035954 0.039225
