0 0.816826 0.062114 0.033789 0.030035
0 0.619722 0.100283 0.050058 0.023778
0 0.858125 0.181628 0.036291 0.038794
0 0.787417 0.211037 0.032538 0.032538
0 0.803686 0.188513 0.027531 0.032538
0 0.639120 0.204155 0.033789 0.023778
0 0.419488 0.231061 0.047557 0.037543
0 0.416986 0.184131 0.052560 0.043802
0 0.731105 0.376856 0.042549 0.021275
0 0.695437 0.339939 0.033789 0.035040
0 0.637242 0.313658 0.035040 0.037543
0 0.859375 0.353704 0.048808 0.035040
0 0.936969 0.472592 0.051309 0.055064
0 0.021441 0.260426 0.042882 0.029002
0 0.276965 0.278553 0.039360 0.019679
0 0.333932 0.382648 0.026931 0.029002
0 0.399702 0.478973 0.036254 0.047645
0 0.457186 0.551995 0.043500 0.023822
0 0.371737 0.687681 0.042466 0.052824
0 0.029109 0.463479 0.044460 0.058221
0 0.800543 0.606844 0.038728 0.025819
0 0.719617 0.594930 0.027803 0.037732
0 0.640671 0.819345 0.050640 0.029788
0 0.653580 0.776646 0.052629 0.031774
0 0.553292 0.826790 0.034754 0.034755
0 0.983931 0.686284 0.032138 0.023833
0 0.819766 0.944342 0.028052 0.052448
