0 0.715357 0.823104 0.057272 0.062861
0 0.650400 0.831487 0.050289 0.037717
0 0.784505 0.599598 0.053082 0.057274
0 0.370320 0.720431 0.040509 0.050287
0 0.426895 0.760243 0.036318 0.048891
0 0.541440 0.491339 0.050289 0.055877
0 0.396863 0.487847 0.046098 0.051687
0 0.337491 0.381682 0.044700 0.037717
0 0.265551 0.380984 0.054480 0.053084
0 0.907431 0.445241 0.041908 0.050287
0 0.954226 0.483657 0.051688 0.032130
0 0.859011 0.188331 0.042494 0.070278
0 0.780563 0.198955 0.049029 0.058837
0 0.550938 0.224285 0.057203 0.057201
0 0.494552 0.133581 0.052297 0.052300
0 0.414471 0.207942 0.071912 0.040858
0 0.653082 0.109883 0.052297 0.027784
0 0.981586 0.300282 0.035954 0.039225
