0 0.561314 0.023078 0.061085 0.040723
0 0.589818 0.097738 0.074658 0.048870
0 0.776469 0.208370 0.024434 0.050225
0 0.853168 0.181222 0.031223 0.052941
0 0.970588 0.209728 0.051582 0.047512
0 0.214223 0.327163 0.056109 0.043161
0 0.032229 0.150201 0.054669 0.060425
0 0.272492 0.368885 0.040283 0.051793
0 0.258106 0.399819 0.037408 0.030214
0 0.648715 0.321407 0.056109 0.046038
0 0.725686 0.307741 0.043163 0.044599
0 0.511320 0.276089 0.043163 0.038846
0 0.666697 0.163870 0.034528 0.038846
0 0.980817 0.382554 0.038366 0.038846
0 0.919911 0.386869 0.069060 0.050355
0 0.979379 0.483264 0.041242 0.047478
