0 0.445282 0.016016 0.050958 0.023659
0 0.305145 0.148872 0.058237 0.023659
0 0.145900 0.167982 0.038220 0.029118
0 0.027905 0.062425 0.055810 0.021839
0 0.695731 0.488410 0.047418 0.030032
0 0.574023 0.524764 0.037934 0.030032
0 0.488671 0.512907 0.037934 0.031613
0 0.363806 0.316913 0.034772 0.034773
0 0.359851 0.182560 0.039517 0.022130
0 0.291095 0.290832 0.034772 0.026870
0 0.206532 0.370653 0.030032 0.034773
0 0.035828 0.322445 0.048997 0.042676
0 0.146468 0.816385 0.033194 0.044257
0 0.249275 0.339006 0.043500 0.030037
