0 0.646042 0.679135 0.029271 0.045129
0 0.134980 0.371159 0.031712 0.034152
0 0.143518 0.313830 0.034154 0.029274
0 0.153885 0.282728 0.042688 0.025614
0 0.306958 0.401650 0.048789 0.024393
0 0.692389 0.309562 0.048789 0.028054
0 0.597862 0.351643 0.035372 0.036590
0 0.292323 0.107701 0.036591 0.026834
0 0.214263 0.094894 0.026834 0.032932
0 0.078875 0.070498 0.048789 0.032932
0 0.930769 0.026470 0.038008 0.035295
0 0.461735 0.220062 0.040445 0.032117
0 0.505748 0.067209 0.045203 0.021410
0 0.135806 0.470459 0.042822 0.026169
