0 0.274648 0.127948 0.050354 0.057549
0 0.333637 0.227939 0.053234 0.044599
0 0.443700 0.142336 0.040283 0.054670
0 0.796902 0.199885 0.041723 0.043161
0 0.856611 0.181182 0.031652 0.060425
0 0.950843 0.279732 0.027337 0.047478
0 0.709140 0.389075 0.053234 0.041723
0 0.780355 0.401305 0.043163 0.051793
0 0.850855 0.444466 0.043163 0.051793
0 0.532177 0.513524 0.096392 0.034529
0 0.591886 0.590495 0.077691 0.082007
0 0.700509 0.597689 0.061865 0.038846
0 0.829994 0.592652 0.044598 0.046038
0 0.779515 0.686277 0.032626 0.038561
0 0.543702 0.784160 0.044492 0.038561
0 0.640846 0.818271 0.031145 0.065257
0 0.714258 0.808631 0.026695 0.048943
0 0.310117 0.765621 0.022246 0.034111
0 0.277486 0.882045 0.048942 0.029661
0 0.925597 0.881303 0.054872 0.037078
