0 0.138474 0.222294 0.033318 0.049101
0 0.102525 0.030279 0.052606 0.047346
0 0.167408 0.096037 0.045591 0.042086
0 0.278758 0.111819 0.050852 0.042086
0 0.220014 0.201252 0.031565 0.042086
0 0.356791 0.087270 0.028057 0.052606
0 0.389232 0.086393 0.040334 0.040331
0 0.668052 0.023469 0.061375 0.046938
0 0.582123 0.189852 0.057868 0.064883
0 0.383971 0.295944 0.078909 0.038579
0 0.017067 0.423955 0.034134 0.028057
0 0.569851 0.460779 0.068391 0.052606
0 0.691725 0.643148 0.045591 0.052606
0 0.908288 0.041677 0.033318 0.042086
0 0.753977 0.667700 0.033318 0.045594
