0 0.940218 0.484238 0.058149 0.022955
0 0.889717 0.367170 0.055089 0.058151
0 0.853754 0.175117 0.047442 0.047440
0 0.780300 0.200367 0.044377 0.030606
0 0.737451 0.299836 0.050502 0.036728
0 0.603549 0.395481 0.052029 0.044379
0 0.408438 0.210315 0.056622 0.059683
0 0.592837 0.297541 0.045909 0.050500
0 0.638746 0.307489 0.045909 0.048969
0 0.614262 0.107783 0.076514 0.053561
0 0.787952 0.602070 0.056622 0.041318
0 0.711438 0.585239 0.053562 0.044379
0 0.637218 0.819373 0.052029 0.038257
0 0.661703 0.783411 0.042849 0.030606
0 0.366355 0.688532 0.045909 0.048969
0 0.368649 0.528617 0.068862 0.038257
0 0.399254 0.483472 0.053562 0.048969
0 0.318148 0.370231 0.084166 0.033667
0 0.111558 0.341920 0.044377 0.035196
0 0.961638 0.058048 0.067334 0.036728
0 0.557428 0.833356 0.045286 0.033472
