0 0.353958 0.679135 0.029271 0.045129
0 0.865020 0.371159 0.031712 0.034152
0 0.856482 0.313830 0.034154 0.029274
0 0.846115 0.282728 0.042688 0.025614
0 0.693042 0.401650 0.048789 0.024393
0 0.307611 0.309562 0.048789 0.028054
0 0.402138 0.351643 0.035372 0.036590
0 0.707677 0.107701 0.036591 0.026834
0 0.785737 0.094894 0.026834 0.032932
0 0.921125 0.070498 0.048789 0.032932
0 0.069231 0.026470 0.038008 0.035295
0 0.538265 0.220062 0.040445 0.032117
0 0.494252 0.067209 0.045203 0.021410
0 0.864194 0.470459 0.042822 0.026169
