0 0.668098 0.769457 0.050225 0.039365
0 0.207917 0.813576 0.033937 0.043439
0 0.146832 0.810860 0.025791 0.057014
0 0.298868 0.607239 0.047511 0.054299
0 0.208595 0.590270 0.062442 0.031221
0 0.216742 0.552263 0.040726 0.033937
0 0.142083 0.540045 0.040726 0.047512
0 0.467874 0.491178 0.051582 0.047512
0 0.420363 0.462669 0.035294 0.058372
0 0.104071 0.457918 0.054300 0.038010
0 0.217485 0.310953 0.038843 0.037405
0 0.536878 0.255564 0.044598 0.035967
0 0.356320 0.187944 0.028772 0.044599
0 0.364951 0.147660 0.037408 0.030214
0 0.275034 0.200891 0.053234 0.053232
0 0.204538 0.207366 0.044598 0.025897
0 0.171446 0.108814 0.050354 0.027335
0 0.025658 0.233263 0.051317 0.054670
0 0.709526 0.118887 0.044598 0.061864
