0 0.410182 0.986990 0.074658 0.026019
0 0.223531 0.887783 0.024434 0.050225
0 0.146832 0.914931 0.031223 0.052941
0 0.029412 0.886426 0.051582 0.047512
0 0.785777 0.768991 0.056109 0.043161
0 0.967771 0.945953 0.054669 0.060425
0 0.727508 0.727268 0.040283 0.051793
0 0.741894 0.696335 0.037408 0.030214
0 0.351285 0.774747 0.056109 0.046038
0 0.274314 0.788413 0.043163 0.044599
0 0.488680 0.820065 0.043163 0.038846
0 0.333303 0.932284 0.034528 0.038846
0 0.019183 0.713600 0.038366 0.038846
0 0.080089 0.709285 0.069060 0.050355
0 0.020621 0.612890 0.041242 0.047478
