0 0.799491 0.010479 0.061865 0.020958
0 0.338963 0.031154 0.054360 0.038579
0 0.720485 0.090123 0.032626 0.038561
0 0.956298 0.188006 0.044492 0.038561
0 0.859154 0.222117 0.031145 0.065257
0 0.785742 0.212477 0.026695 0.048943
0 0.385306 0.229534 0.035594 0.044493
0 0.421643 0.185781 0.054872 0.034111
0 0.488382 0.138324 0.057840 0.045975
0 0.574403 0.285149 0.054872 0.037078
0 0.466135 0.249556 0.031145 0.040043
0 0.099069 0.247331 0.029663 0.062290
0 0.367509 0.649989 0.050423 0.031146
0 0.350455 0.513546 0.045974 0.054875
0 0.120748 0.598941 0.053617 0.045038
