0 0.172623 0.049774 0.063803 0.029864
0 0.350454 0.065385 0.047511 0.039365
0 0.672174 0.024661 0.047511 0.031221
0 0.140043 0.221494 0.039365 0.044797
0 0.209957 0.205203 0.046154 0.044797
0 0.330091 0.281901 0.044797 0.032579
0 0.421720 0.205203 0.046154 0.025793
0 0.575791 0.159049 0.023077 0.042081
0 0.568328 0.203845 0.035294 0.017646
0 0.554749 0.252035 0.040726 0.040723
0 0.362172 0.647281 0.036318 0.060067
0 0.752606 0.664743 0.026543 0.050287
0 0.696031 0.687792 0.027937 0.048891
0 0.879026 0.210047 0.033526 0.037717
0 0.011991 0.421720 0.023982 0.025793
0 0.450571 0.632522 0.025980 0.018402
0 0.527962 0.573532 0.029225 0.028142
