0 0.493768 0.019999 0.031652 0.038846
0 0.409602 0.020430 0.056109 0.040860
0 0.959813 0.015394 0.080373 0.030788
0 0.908114 0.090495 0.077691 0.082007
0 0.799491 0.097689 0.061865 0.038846
0 0.670006 0.092652 0.044598 0.046038
0 0.338963 0.127308 0.054360 0.038579
0 0.720485 0.186277 0.032626 0.038561
0 0.956298 0.284160 0.044492 0.038561
0 0.859154 0.318271 0.031145 0.065257
0 0.785742 0.308631 0.026695 0.048943
0 0.385306 0.325688 0.035594 0.044493
0 0.421643 0.281935 0.054872 0.034111
0 0.488382 0.234477 0.057840 0.045975
0 0.574403 0.381303 0.054872 0.037078
0 0.466135 0.345710 0.031145 0.040043
0 0.099069 0.343485 0.029663 0.062290
0 0.367509 0.746143 0.050423 0.031146
0 0.350455 0.609700 0.045974 0.054875
0 0.120748 0.695095 0.053617 0.045038
