0 0.861526 0.181553 0.033318 0.049101
0 0.935178 0.471769 0.050852 0.036824
0 0.897475 0.373567 0.052606 0.047346
0 0.832592 0.307809 0.045591 0.042086
0 0.721242 0.292027 0.050852 0.042086
0 0.779986 0.202594 0.031565 0.042086
0 0.643209 0.316576 0.028057 0.052606
0 0.610768 0.317453 0.040334 0.040331
0 0.798397 0.610300 0.050852 0.040331
0 0.661620 0.783024 0.054360 0.042086
0 0.647594 0.822481 0.064883 0.040331
0 0.374035 0.699732 0.033318 0.047346
0 0.522212 0.800561 0.059622 0.035071
0 0.375789 0.534019 0.057868 0.045594
0 0.407354 0.491933 0.071898 0.049101
0 0.331948 0.380582 0.061375 0.047346
0 0.417877 0.213994 0.057868 0.064883
0 0.616029 0.107902 0.078909 0.038579
0 0.091712 0.362170 0.033318 0.042086
0 0.038229 0.477906 0.052606 0.045594
0 0.820597 0.987591 0.057840 0.024819
0 0.713811 0.593287 0.034112 0.031146
