0 0.140763 0.181225 0.029335 0.044701
0 0.205018 0.091126 0.026543 0.040510
0 0.363571 0.106490 0.030734 0.029334
0 0.384520 0.216149 0.044700 0.030733
0 0.209209 0.207068 0.046098 0.023747
0 0.149842 0.347457 0.055878 0.033527
0 0.057645 0.482260 0.055878 0.026540
0 0.568217 0.171448 0.032128 0.050287
0 0.587075 0.231513 0.053082 0.044701
0 0.360774 0.309740 0.050289 0.025144
0 0.325152 0.344664 0.043306 0.022350
0 0.256005 0.369808 0.036318 0.022350
0 0.426428 0.415907 0.067052 0.025144
0 0.675778 0.384476 0.043306 0.037717
0 0.915349 0.257358 0.055878 0.032130
0 0.602440 0.481562 0.033526 0.053084
0 0.966848 0.474817 0.032123 0.037263
0 0.477945 0.564760 0.056534 0.032122
0 0.632131 0.675904 0.041118 0.041118
0 0.289702 0.590457 0.037260 0.037263
0 0.200403 0.607805 0.046255 0.028267
0 0.398920 0.857718 0.037260 0.026982
0 0.361660 0.808892 0.039831 0.034692
0 0.343669 0.785122 0.042402 0.028267
0 0.169563 0.905259 0.035977 0.029552
