0 0.945282 0.016016 0.050958 0.023659
0 0.805145 0.148872 0.058237 0.023659
0 0.645900 0.167982 0.038220 0.029118
0 0.523962 0.062425 0.063697 0.021839
0 0.401118 0.022112 0.032760 0.044223
0 0.326497 0.116114 0.043680 0.030938
0 0.036217 0.024205 0.038220 0.036398
0 0.984852 0.512907 0.030296 0.031613
0 0.863806 0.316913 0.034772 0.034773
0 0.859851 0.182560 0.039517 0.022130
0 0.791095 0.290832 0.034772 0.026870
0 0.706532 0.370653 0.030032 0.034773
0 0.535828 0.322445 0.048997 0.042676
0 0.422815 0.253689 0.037934 0.044257
0 0.463117 0.395943 0.039517 0.050578
0 0.086935 0.375394 0.042678 0.041097
0 0.646468 0.816385 0.033194 0.044257
0 0.749275 0.339006 0.043500 0.030037
