0 0.555822 0.015489 0.045129 0.021956
0 0.672623 0.145928 0.063803 0.029864
0 0.850454 0.161538 0.047511 0.039365
0 0.974435 0.069910 0.051130 0.032579
0 0.640043 0.317648 0.039365 0.044797
0 0.709957 0.301357 0.046154 0.044797
0 0.458146 0.460859 0.036651 0.043439
0 0.317649 0.493439 0.043440 0.029864
0 0.134391 0.445249 0.032580 0.031221
0 0.830091 0.378055 0.044797 0.032579
0 0.921720 0.301357 0.046154 0.025793
0 0.862172 0.743435 0.036318 0.060067
0 0.504978 0.517874 0.038008 0.025793
0 0.950571 0.728676 0.025980 0.018402
