0 0.762442 0.824436 0.062442 0.038010
0 0.674209 0.771492 0.062442 0.043439
0 0.542532 0.818327 0.065160 0.050225
0 0.187558 0.800001 0.066517 0.054299
0 0.144118 0.819004 0.036651 0.057014
0 0.022623 0.773530 0.038008 0.044797
0 0.268328 0.587557 0.086880 0.058372
0 0.450903 0.493213 0.074658 0.062443
0 0.560860 0.581449 0.039365 0.038010
0 0.621945 0.684615 0.033937 0.032579
0 0.142346 0.538659 0.026169 0.029739
0 0.414751 0.416733 0.047580 0.061856
0 0.329698 0.379263 0.027360 0.053530
0 0.223831 0.312648 0.036877 0.070182
0 0.153054 0.333467 0.047580 0.068993
0 0.285091 0.200237 0.040445 0.038065
0 0.363008 0.182394 0.051148 0.059478
0 0.485528 0.231760 0.039254 0.055908
0 0.013518 0.129972 0.027035 0.058151
0 0.079831 0.110080 0.053562 0.048969
0 0.766937 0.146806 0.032137 0.033667
0 0.721789 0.183533 0.042849 0.048969
0 0.977352 0.337330 0.024485 0.032135
