0 0.629446 0.426756 0.050289 0.041907
0 0.255775 0.319195 0.020954 0.050287
0 0.859237 0.777379 0.029335 0.044701
0 0.794982 0.687280 0.026543 0.040510
0 0.636429 0.702644 0.030734 0.029334
0 0.615480 0.812303 0.044700 0.030733
0 0.790791 0.803221 0.046098 0.023747
0 0.850158 0.943611 0.055878 0.033527
0 0.431783 0.767602 0.032128 0.050287
0 0.412925 0.827667 0.053082 0.044701
0 0.639226 0.905894 0.050289 0.025144
0 0.674848 0.940818 0.043306 0.022350
0 0.743995 0.965961 0.036318 0.022350
0 0.324222 0.980630 0.043306 0.037717
0 0.084651 0.853512 0.055878 0.032130
0 0.985193 0.575440 0.029613 0.044493
