0 0.855858 0.673959 0.049754 0.053987
0 0.791815 0.703070 0.067749 0.050812
0 0.649435 0.650671 0.034934 0.028581
0 0.613445 0.600919 0.051872 0.030700
0 0.905317 0.537069 0.047594 0.029020
0 0.284285 0.225390 0.054558 0.053398
0 0.522831 0.385002 0.048752 0.031341
0 0.403265 0.716995 0.065008 0.052237
0 0.607569 0.834817 0.048752 0.027859
0 0.640652 0.818565 0.038308 0.030180
0 0.709722 0.829593 0.044109 0.033664
0 0.880357 0.859773 0.062682 0.033664
0 0.942046 0.977081 0.066388 0.030032
0 0.392783 0.972340 0.039517 0.055321
0 0.331140 0.873551 0.045840 0.037935
0 0.026082 0.968389 0.052158 0.047419
0 0.187302 0.811116 0.061643 0.052159
