0 0.944178 0.015489 0.045129 0.021956
0 0.397735 0.019344 0.029866 0.038687
0 0.827377 0.145928 0.063803 0.029864
0 0.649546 0.161538 0.047511 0.039365
0 0.523980 0.069910 0.054300 0.032579
0 0.327826 0.120815 0.047511 0.031221
0 0.859957 0.317648 0.039365 0.044797
0 0.790043 0.301357 0.046154 0.044797
0 0.669909 0.378055 0.044797 0.032579
0 0.578280 0.301357 0.046154 0.025793
0 0.424209 0.255202 0.023077 0.042081
0 0.431672 0.299999 0.035294 0.017646
0 0.445251 0.348189 0.040726 0.040723
0 0.637828 0.743435 0.036318 0.060067
0 0.247394 0.760897 0.026543 0.050287
0 0.303969 0.783946 0.027937 0.048891
0 0.120974 0.306201 0.033526 0.037717
0 0.988009 0.517874 0.023982 0.025793
0 0.549429 0.728676 0.025980 0.018402
0 0.472038 0.669686 0.029225 0.028142
