0 0.032126 0.983711 0.051582 0.032578
0 0.079637 0.962669 0.035294 0.058372
0 0.395929 0.957918 0.054300 0.038010
0 0.537783 0.979638 0.039365 0.035295
0 0.600903 0.980317 0.046154 0.039366
0 0.729866 0.919230 0.048868 0.050225
0 0.668777 0.875114 0.059728 0.035295
0 0.282515 0.810953 0.038843 0.037405
0 0.143680 0.687944 0.028772 0.044599
0 0.135049 0.647660 0.037408 0.030214
0 0.224966 0.700891 0.053234 0.053232
0 0.295462 0.707366 0.044598 0.025897
0 0.328554 0.608814 0.050354 0.027335
0 0.480335 0.733263 0.063305 0.054670
0 0.526378 0.641185 0.066180 0.048917
0 0.591838 0.707366 0.047478 0.051793
0 0.706932 0.497314 0.044598 0.037405
0 0.014291 0.486524 0.028582 0.035967
0 0.522815 0.233516 0.058671 0.032130
