0 0.140763 0.818775 0.029335 0.044701
0 0.205018 0.908874 0.026543 0.040510
0 0.363571 0.893510 0.030734 0.029334
0 0.384520 0.783851 0.044700 0.030733
0 0.209209 0.792932 0.046098 0.023747
0 0.149842 0.652543 0.055878 0.033527
0 0.057645 0.517740 0.055878 0.026540
0 0.568217 0.828552 0.032128 0.050287
0 0.587075 0.768487 0.053082 0.044701
0 0.360774 0.690260 0.050289 0.025144
0 0.325152 0.655336 0.043306 0.022350
0 0.256005 0.630192 0.036318 0.022350
0 0.426428 0.584093 0.067052 0.025144
0 0.675778 0.615524 0.043306 0.037717
0 0.915349 0.742642 0.055878 0.032130
0 0.602440 0.518438 0.033526 0.053084
0 0.966848 0.525183 0.032123 0.037263
0 0.477945 0.435240 0.056534 0.032122
0 0.632131 0.324096 0.041118 0.041118
0 0.289702 0.409543 0.037260 0.037263
0 0.200403 0.392195 0.046255 0.028267
0 0.398920 0.142282 0.037260 0.026982
0 0.361660 0.191108 0.039831 0.034692
0 0.343669 0.214878 0.042402 0.028267
0 0.169563 0.094741 0.035977 0.029552
