0 0.274648 0.872052 0.050354 0.057549
0 0.333637 0.772061 0.053234 0.044599
0 0.443700 0.857664 0.040283 0.054670
0 0.796902 0.800115 0.041723 0.043161
0 0.856611 0.818817 0.031652 0.060425
0 0.950843 0.720268 0.027337 0.047478
0 0.709140 0.610925 0.053234 0.041723
0 0.780355 0.598695 0.043163 0.051793
0 0.850855 0.555534 0.043163 0.051793
0 0.532177 0.486476 0.096392 0.034529
0 0.591886 0.409505 0.077691 0.082007
0 0.700509 0.402311 0.061865 0.038846
0 0.829994 0.407348 0.044598 0.046038
0 0.779515 0.313723 0.032626 0.038561
0 0.543702 0.215840 0.044492 0.038561
0 0.640846 0.181729 0.031145 0.065257
0 0.714258 0.191369 0.026695 0.048943
0 0.310117 0.234379 0.022246 0.034111
0 0.277486 0.117955 0.048942 0.029661
0 0.925597 0.118697 0.054872 0.037078
