0 0.889717 0.963324 0.055089 0.058151
0 0.853754 0.771271 0.047442 0.047440
0 0.780300 0.796521 0.044377 0.030606
0 0.737451 0.895990 0.050502 0.036728
0 0.603549 0.984723 0.052029 0.030555
0 0.408438 0.806469 0.056622 0.059683
0 0.592837 0.893695 0.045909 0.050500
0 0.638746 0.903643 0.045909 0.048969
0 0.614262 0.703937 0.076514 0.053561
0 0.318148 0.966385 0.084166 0.033667
0 0.111558 0.938073 0.044377 0.035196
0 0.470414 0.492758 0.055089 0.032135
0 0.982350 0.569272 0.035299 0.041318
0 0.961638 0.654202 0.067334 0.036728
0 0.286777 0.318301 0.045909 0.047440
