0 0.930960 0.643751 0.056317 0.033789
0 0.388454 0.576798 0.035040 0.045054
0 0.507969 0.522985 0.046306 0.037543
0 0.683174 0.437886 0.033789 0.030035
0 0.880278 0.399717 0.050058 0.023778
0 0.641875 0.318372 0.036291 0.038794
0 0.712583 0.288963 0.032538 0.032538
0 0.696314 0.311487 0.027531 0.032538
0 0.860880 0.295845 0.033789 0.023778
0 0.768895 0.123144 0.042549 0.021275
0 0.804563 0.160061 0.033789 0.035040
0 0.862758 0.186342 0.035040 0.037543
0 0.640625 0.146296 0.048808 0.035040
0 0.563031 0.027470 0.051309 0.054940
