0 0.900752 0.175748 0.030938 0.038220
0 0.776996 0.346822 0.030938 0.034578
0 0.800655 0.359560 0.020019 0.049140
0 0.676899 0.629823 0.049137 0.040038
0 0.605011 0.201225 0.021839 0.052777
0 0.598640 0.345003 0.030938 0.060060
0 0.483984 0.054718 0.023659 0.050958
0 0.351128 0.194855 0.023659 0.058237
0 0.332018 0.354100 0.029118 0.038220
0 0.437575 0.476038 0.021839 0.063697
0 0.479435 0.598882 0.047317 0.032760
0 0.383886 0.673503 0.030938 0.043680
0 0.475795 0.963783 0.036398 0.038220
0 0.183087 0.136194 0.034773 0.034772
0 0.317440 0.140149 0.022130 0.039517
0 0.209168 0.208905 0.026870 0.034772
0 0.129347 0.293468 0.034773 0.030032
0 0.177555 0.464172 0.042676 0.048997
0 0.246311 0.577185 0.044257 0.037934
0 0.104057 0.536883 0.050578 0.039517
0 0.124606 0.913065 0.041097 0.042678
0 0.160994 0.250725 0.030037 0.043500
0 0.590063 0.283235 0.034529 0.034528
0 0.892156 0.339622 0.027060 0.045462
