0 0.823104 0.284643 0.062861 0.057272
0 0.831487 0.349600 0.037717 0.050289
0 0.599598 0.215495 0.057274 0.053082
0 0.720431 0.629680 0.050287 0.040509
0 0.760243 0.573105 0.048891 0.036318
0 0.491339 0.458560 0.055877 0.050289
0 0.487847 0.603137 0.051687 0.046098
0 0.381682 0.662509 0.037717 0.044700
0 0.380984 0.734449 0.053084 0.054480
0 0.445241 0.092569 0.050287 0.041908
0 0.483657 0.045774 0.032130 0.051688
0 0.188331 0.140989 0.070278 0.042494
0 0.198955 0.219437 0.058837 0.049029
0 0.224285 0.449062 0.057201 0.057203
0 0.133581 0.505448 0.052300 0.052297
0 0.207942 0.585529 0.040858 0.071912
0 0.109883 0.346918 0.027784 0.052297
0 0.300282 0.018414 0.039225 0.035954
