0 0.829698 0.974326 0.027360 0.051349
0 0.723831 0.908802 0.036877 0.070182
0 0.653054 0.929620 0.047580 0.068993
0 0.342586 0.972441 0.052338 0.047582
0 0.490680 0.882633 0.082080 0.051149
0 0.418122 0.811262 0.055906 0.053530
0 0.785091 0.796391 0.040445 0.038065
0 0.863008 0.778548 0.051148 0.059478
0 0.982950 0.827913 0.034099 0.055908
0 0.062589 0.713885 0.041317 0.061212
0 0.505611 0.726126 0.042849 0.058151
0 0.579831 0.706234 0.053562 0.048969
0 0.360231 0.466742 0.070394 0.047440
0 0.367117 0.342788 0.071926 0.038257
