0 0.744682 0.063538 0.045591 0.054361
0 0.666649 0.232758 0.047345 0.063128
0 0.696460 0.899987 0.050852 0.043839
0 0.443066 0.797406 0.052606 0.038579
0 0.353634 0.821955 0.052606 0.066635
0 0.285248 0.796528 0.059622 0.054361
0 0.440435 0.519464 0.064883 0.036824
0 0.419394 0.577332 0.068391 0.047346
0 0.593874 0.342354 0.035072 0.029812
0 0.291386 0.395838 0.071898 0.035071
0 0.199323 0.192424 0.056114 0.045594
0 0.031273 0.366029 0.062546 0.035071
0 0.160743 0.567688 0.052606 0.056113
0 0.212472 0.698329 0.064883 0.050853
0 0.301905 0.554535 0.061375 0.043839
0 0.094983 0.888590 0.036826 0.035071
