0 0.683174 0.937886 0.033789 0.030035
0 0.880278 0.899717 0.050058 0.023778
0 0.641875 0.818372 0.036291 0.038794
0 0.712583 0.788963 0.032538 0.032538
0 0.696314 0.811487 0.027531 0.032538
0 0.860880 0.795845 0.033789 0.023778
0 0.768895 0.623144 0.042549 0.021275
0 0.804563 0.660061 0.033789 0.035040
0 0.862758 0.686342 0.035040 0.037543
0 0.640625 0.646296 0.048808 0.035040
0 0.563031 0.527408 0.051309 0.055064
0 0.699457 0.393156 0.038728 0.025819
0 0.780383 0.405070 0.027803 0.037732
0 0.859329 0.180655 0.050640 0.029788
0 0.846420 0.223354 0.052629 0.031774
0 0.946708 0.173210 0.034754 0.034755
0 0.451209 0.175692 0.036738 0.025819
0 0.515257 0.313716 0.033762 0.023833
0 0.293631 0.197951 0.057794 0.030417
0 0.162835 0.110754 0.037514 0.062863
0 0.680234 0.055658 0.028052 0.052448
