0 0.358595 0.184389 0.044797 0.063800
0 0.284615 0.180996 0.051582 0.046154
0 0.633483 0.283484 0.054300 0.085520
0 0.206560 0.407692 0.071945 0.051583
0 0.036880 0.512218 0.066517 0.024435
0 0.080994 0.546833 0.038008 0.066516
0 0.264931 0.462670 0.077377 0.033937
0 0.285294 0.406334 0.063803 0.038010
0 0.340951 0.563123 0.061085 0.042081
0 0.504525 0.461990 0.065160 0.038010
0 0.501132 0.512896 0.096378 0.052941
0 0.605657 0.527149 0.058371 0.051583
0 0.733258 0.553619 0.036651 0.066516
0 0.669455 0.624208 0.066517 0.036653
0 0.089818 0.829185 0.039365 0.066516
0 0.139365 0.818325 0.024434 0.077376
0 0.222852 0.794571 0.047511 0.024435
0 0.277148 0.683935 0.042083 0.063800
0 0.507238 0.759276 0.054300 0.048870
0 0.589365 0.793890 0.044797 0.063800
0 0.560182 0.853620 0.051582 0.036653
0 0.971495 0.730090 0.054300 0.042081
0 0.338237 0.890273 0.088237 0.044797
