0 0.312442 0.199999 0.066517 0.054299
0 0.355882 0.180996 0.036651 0.057014
0 0.477377 0.226470 0.038008 0.044797
0 0.629412 0.290270 0.035294 0.061085
0 0.231672 0.412443 0.086880 0.058372
0 0.659957 0.477601 0.082805 0.069232
0 0.596154 0.515611 0.071945 0.066516
0 0.049097 0.506787 0.074658 0.062443
0 0.357654 0.461341 0.026169 0.029739
0 0.512292 0.529142 0.030928 0.036876
0 0.085249 0.583267 0.047580 0.061856
0 0.170302 0.620737 0.027360 0.053530
0 0.276169 0.687352 0.036877 0.070182
0 0.346946 0.666533 0.047580 0.068993
0 0.657414 0.623713 0.052338 0.047582
0 0.509320 0.713521 0.082080 0.051149
0 0.581878 0.784892 0.055906 0.053530
0 0.214909 0.799763 0.040445 0.038065
0 0.136992 0.817606 0.051148 0.059478
0 0.017050 0.768240 0.034099 0.055908
0 0.937411 0.882269 0.041317 0.061212
0 0.494389 0.870028 0.042849 0.058151
0 0.420169 0.889920 0.053562 0.048969
