0 0.183174 0.062114 0.033789 0.030035
0 0.380278 0.100283 0.050058 0.023778
0 0.141875 0.181628 0.036291 0.038794
0 0.212583 0.211037 0.032538 0.032538
0 0.196314 0.188513 0.027531 0.032538
0 0.360880 0.204155 0.033789 0.023778
0 0.580512 0.231061 0.047557 0.037543
0 0.583014 0.184131 0.052560 0.043802
0 0.268895 0.376856 0.042549 0.021275
0 0.304563 0.339939 0.033789 0.035040
0 0.362758 0.313658 0.035040 0.037543
0 0.140625 0.353704 0.048808 0.035040
0 0.063031 0.472592 0.051309 0.055064
0 0.978559 0.260426 0.042882 0.029002
0 0.723035 0.278553 0.039360 0.019679
0 0.666068 0.382648 0.026931 0.029002
0 0.600298 0.478973 0.036254 0.047645
0 0.542814 0.551995 0.043500 0.023822
0 0.628263 0.687681 0.042466 0.052824
0 0.970891 0.463479 0.044460 0.058221
0 0.199457 0.606844 0.038728 0.025819
0 0.280383 0.594930 0.027803 0.037732
0 0.359329 0.819345 0.050640 0.029788
0 0.346420 0.776646 0.052629 0.031774
0 0.446708 0.826790 0.034754 0.034755
0 0.016069 0.686284 0.032138 0.023833
0 0.180234 0.944342 0.028052 0.052448
