0 0.438686 0.023078 0.061085 0.040723
0 0.410182 0.097738 0.074658 0.048870
0 0.223531 0.208370 0.024434 0.050225
0 0.146832 0.181222 0.031223 0.052941
0 0.029412 0.209728 0.051582 0.047512
0 0.785777 0.327163 0.056109 0.043161
0 0.967771 0.150201 0.054669 0.060425
0 0.727508 0.368885 0.040283 0.051793
0 0.741894 0.399819 0.037408 0.030214
0 0.351285 0.321407 0.056109 0.046038
0 0.274314 0.307741 0.043163 0.044599
0 0.488680 0.276089 0.043163 0.038846
0 0.333303 0.163870 0.034528 0.038846
0 0.019183 0.382554 0.038366 0.038846
0 0.080089 0.386869 0.069060 0.050355
0 0.020621 0.483264 0.041242 0.047478
