0 0.255318 0.063538 0.045591 0.054361
0 0.333351 0.232758 0.047345 0.063128
0 0.303540 0.899987 0.050852 0.043839
0 0.556934 0.797406 0.052606 0.038579
0 0.646366 0.821955 0.052606 0.066635
0 0.714752 0.796528 0.059622 0.054361
0 0.559565 0.519464 0.064883 0.036824
0 0.580606 0.577332 0.068391 0.047346
0 0.406126 0.342354 0.035072 0.029812
0 0.708614 0.395838 0.071898 0.035071
0 0.800677 0.192424 0.056114 0.045594
0 0.968727 0.366029 0.062546 0.035071
0 0.839257 0.567688 0.052606 0.056113
0 0.787528 0.698329 0.064883 0.050853
0 0.698095 0.554535 0.061375 0.043839
0 0.905017 0.888590 0.036826 0.035071
