0 0.946242 0.977413 0.076251 0.045175
0 0.908834 0.890803 0.056109 0.058987
0 0.857040 0.822464 0.044598 0.054670
0 0.724680 0.777862 0.044598 0.048917
0 0.646269 0.813113 0.034528 0.047478
0 0.584405 0.803759 0.057549 0.048917
0 0.411042 0.973816 0.061865 0.052368
0 0.329751 0.885047 0.066180 0.044599
0 0.018127 0.896556 0.036254 0.050355
0 0.031938 0.974535 0.057549 0.050931
0 0.868795 0.679504 0.044492 0.060807
0 0.785003 0.703976 0.045974 0.050425
0 0.585526 0.614990 0.053391 0.050425
0 0.412745 0.721030 0.060808 0.057840
0 0.355648 0.471129 0.065257 0.044493
0 0.306702 0.253857 0.050423 0.037078
0 0.520269 0.953876 0.050423 0.040043
