0 0.597511 0.979637 0.039365 0.040725
0 0.501132 0.964705 0.047511 0.029864
0 0.061314 0.976922 0.061085 0.040723
0 0.089818 0.902262 0.074658 0.048870
0 0.276469 0.791630 0.024434 0.050225
0 0.353168 0.818778 0.031223 0.052941
0 0.470588 0.790272 0.051582 0.047512
0 0.579866 0.718325 0.050225 0.047512
0 0.666063 0.875114 0.046154 0.027151
0 0.957238 0.974888 0.047511 0.050224
0 0.148715 0.678593 0.056109 0.046038
0 0.225686 0.692259 0.043163 0.044599
0 0.016451 0.723911 0.032902 0.038846
0 0.166697 0.836130 0.034528 0.038846
0 0.486811 0.617446 0.050354 0.038846
0 0.419911 0.613131 0.069060 0.050355
0 0.483935 0.516736 0.050354 0.047478
0 0.675285 0.423941 0.035968 0.063302
0 0.665929 0.262084 0.051794 0.035967
0 0.795414 0.305245 0.043163 0.033091
0 0.691111 0.684346 0.056109 0.037405
