0 0.707917 0.186424 0.033937 0.043439
0 0.646832 0.189140 0.025791 0.057014
0 0.376020 0.280768 0.035294 0.069232
0 0.798868 0.392761 0.047511 0.054299
0 0.708595 0.409730 0.062442 0.031221
0 0.716742 0.447737 0.040726 0.033937
0 0.642083 0.459955 0.040726 0.047512
0 0.967874 0.508822 0.051582 0.047512
0 0.920363 0.537331 0.035294 0.058372
0 0.604071 0.542082 0.054300 0.038010
0 0.469006 0.484390 0.058371 0.044797
0 0.462217 0.520362 0.039365 0.035295
0 0.399097 0.519004 0.046154 0.040723
0 0.270134 0.580770 0.048868 0.050225
0 0.331223 0.624886 0.059728 0.035295
0 0.717485 0.689047 0.038843 0.037405
0 0.856320 0.812056 0.028772 0.044599
0 0.864951 0.852340 0.037408 0.030214
0 0.775034 0.799109 0.053234 0.053232
0 0.704538 0.792634 0.044598 0.025897
0 0.671446 0.891186 0.050354 0.027335
0 0.519665 0.766737 0.063305 0.054670
0 0.473622 0.858815 0.066180 0.048917
0 0.408162 0.792634 0.047478 0.051793
