0 0.309562 0.977748 0.047478 0.044504
0 0.838291 0.837523 0.057549 0.051793
0 0.658452 0.770622 0.083446 0.038846
0 0.180077 0.777814 0.058989 0.050355
0 0.145549 0.815222 0.050354 0.047478
0 0.022060 0.790763 0.044119 0.038846
0 0.294455 0.608765 0.063305 0.046038
0 0.446242 0.485757 0.076251 0.061864
0 0.408834 0.390803 0.056109 0.058987
0 0.357040 0.322464 0.044598 0.054670
0 0.224680 0.277862 0.044598 0.048917
0 0.146269 0.313113 0.034528 0.047478
0 0.084405 0.303759 0.057549 0.048917
0 0.728445 0.083844 0.063771 0.053392
0 0.511914 0.198043 0.028177 0.047458
0 0.368795 0.179504 0.044492 0.060807
0 0.285003 0.203976 0.045974 0.050425
0 0.085526 0.114990 0.053391 0.050425
0 0.216035 0.594027 0.059322 0.038561
0 0.022740 0.453876 0.045481 0.040043
0 0.616471 0.683013 0.038562 0.023729
