0 0.946242 0.022587 0.076251 0.045175
0 0.908834 0.109197 0.056109 0.058987
0 0.857040 0.177536 0.044598 0.054670
0 0.724680 0.222138 0.044598 0.048917
0 0.646269 0.186887 0.034528 0.047478
0 0.584405 0.196241 0.057549 0.048917
0 0.411042 0.026184 0.061865 0.052368
0 0.329751 0.114953 0.066180 0.044599
0 0.018127 0.103444 0.036254 0.050355
0 0.031938 0.025465 0.057549 0.050931
0 0.868795 0.320496 0.044492 0.060807
0 0.785003 0.296024 0.045974 0.050425
0 0.585526 0.385010 0.053391 0.050425
0 0.412745 0.278970 0.060808 0.057840
0 0.355648 0.528871 0.065257 0.044493
0 0.306702 0.746143 0.050423 0.037078
0 0.520269 0.046124 0.050423 0.040043
