0 0.687558 0.800001 0.066517 0.054299
0 0.644118 0.819004 0.036651 0.057014
0 0.522623 0.773530 0.038008 0.044797
0 0.370588 0.709730 0.035294 0.061085
0 0.768328 0.587557 0.086880 0.058372
0 0.340043 0.522399 0.082805 0.069232
0 0.403846 0.484389 0.071945 0.066516
0 0.950903 0.493213 0.074658 0.062443
0 0.642346 0.538659 0.026169 0.029739
0 0.487708 0.470858 0.030928 0.036876
0 0.914751 0.416733 0.047580 0.061856
0 0.829698 0.379263 0.027360 0.053530
0 0.723831 0.312648 0.036877 0.070182
0 0.653054 0.333467 0.047580 0.068993
0 0.342586 0.376287 0.052338 0.047582
0 0.490680 0.286479 0.082080 0.051149
0 0.418122 0.215108 0.055906 0.053530
0 0.785091 0.200237 0.040445 0.038065
0 0.863008 0.182394 0.051148 0.059478
0 0.982950 0.231760 0.034099 0.055908
0 0.062589 0.117731 0.041317 0.061212
0 0.505611 0.129972 0.042849 0.058151
0 0.579831 0.110080 0.053562 0.048969
