0 0.690438 0.977748 0.047478 0.044504
0 0.161709 0.837523 0.057549 0.051793
0 0.341548 0.770622 0.083446 0.038846
0 0.819923 0.777814 0.058989 0.050355
0 0.854451 0.815222 0.050354 0.047478
0 0.977940 0.790763 0.044119 0.038846
0 0.705545 0.608765 0.063305 0.046038
0 0.553758 0.485757 0.076251 0.061864
0 0.591166 0.390803 0.056109 0.058987
0 0.642960 0.322464 0.044598 0.054670
0 0.775320 0.277862 0.044598 0.048917
0 0.853731 0.313113 0.034528 0.047478
0 0.915595 0.303759 0.057549 0.048917
0 0.271555 0.083844 0.063771 0.053392
0 0.488086 0.198043 0.028177 0.047458
0 0.631205 0.179504 0.044492 0.060807
0 0.714997 0.203976 0.045974 0.050425
0 0.914474 0.114990 0.053391 0.050425
0 0.783965 0.594027 0.059322 0.038561
0 0.977260 0.453876 0.045481 0.040043
0 0.383529 0.683013 0.038562 0.023729
