0 0.554718 0.016016 0.050958 0.023659
0 0.694855 0.148872 0.058237 0.023659
0 0.854100 0.167982 0.038220 0.029118
0 0.972095 0.062425 0.055810 0.021839
0 0.304269 0.488410 0.047418 0.030032
0 0.425977 0.524764 0.037934 0.030032
0 0.511329 0.512907 0.037934 0.031613
0 0.636194 0.316913 0.034772 0.034773
0 0.640149 0.182560 0.039517 0.022130
0 0.708905 0.290832 0.034772 0.026870
0 0.793468 0.370653 0.030032 0.034773
0 0.964172 0.322445 0.048997 0.042676
0 0.853532 0.816385 0.033194 0.044257
0 0.750725 0.339006 0.043500 0.030037
