0 0.779520 0.320202 0.042086 0.049098
0 0.901391 0.121172 0.026304 0.015780
0 0.376199 0.080838 0.035071 0.047345
0 0.062311 0.320202 0.028057 0.049098
0 0.054419 0.230769 0.029812 0.038580
0 0.181553 0.638474 0.049101 0.033318
0 0.129822 0.486789 0.036824 0.038580
0 0.471769 0.564822 0.036824 0.050852
0 0.373567 0.602525 0.047346 0.052606
0 0.307809 0.667408 0.042086 0.045591
0 0.292027 0.778758 0.042086 0.050852
0 0.202594 0.720014 0.042086 0.031565
0 0.316576 0.856791 0.052606 0.028057
0 0.317453 0.889232 0.040331 0.040334
0 0.610300 0.701603 0.040331 0.050852
0 0.783024 0.838380 0.042086 0.054360
0 0.822481 0.852406 0.040331 0.064883
0 0.800561 0.973988 0.035071 0.052023
0 0.107902 0.883971 0.038579 0.078909
0 0.987591 0.679403 0.024819 0.057840
0 0.593287 0.786189 0.031146 0.034112
0 0.141751 0.105743 0.045762 0.067006
