0 0.919162 0.876199 0.047345 0.035071
0 0.679798 0.562311 0.049098 0.028057
0 0.602643 0.458849 0.035072 0.035071
0 0.769231 0.554419 0.038580 0.029812
0 0.361526 0.681553 0.033318 0.049101
0 0.513211 0.629822 0.038580 0.036824
0 0.435178 0.971769 0.050852 0.036824
0 0.397475 0.873567 0.052606 0.047346
0 0.332592 0.807809 0.045591 0.042086
0 0.221242 0.792027 0.050852 0.042086
0 0.279986 0.702594 0.031565 0.042086
0 0.143209 0.816576 0.028057 0.052606
0 0.110768 0.817453 0.040334 0.040331
0 0.116029 0.607902 0.078909 0.038579
0 0.493923 0.479891 0.056114 0.028057
0 0.894257 0.641751 0.067006 0.045762
