0 0.763803 0.982806 0.048868 0.034388
0 0.141405 0.815611 0.044797 0.063800
0 0.215385 0.819004 0.051582 0.046154
0 0.666063 0.770815 0.070588 0.042081
0 0.293440 0.592308 0.071945 0.051583
0 0.463120 0.487782 0.066517 0.024435
0 0.419006 0.453167 0.038008 0.066516
0 0.235069 0.537330 0.077377 0.033937
0 0.214706 0.593666 0.063803 0.038010
0 0.159049 0.436877 0.061085 0.042081
0 0.864931 0.388687 0.050225 0.038010
0 0.597511 0.276019 0.069231 0.043439
0 0.410182 0.170815 0.039365 0.066516
0 0.360635 0.181675 0.024434 0.077376
0 0.277148 0.205429 0.047511 0.024435
0 0.222852 0.316065 0.042083 0.063800
0 0.161763 0.109727 0.088237 0.044797
0 0.721720 0.101583 0.073302 0.039365
