0 0.910182 0.986990 0.074658 0.026019
0 0.723531 0.887783 0.024434 0.050225
0 0.646832 0.914931 0.031223 0.052941
0 0.529412 0.886426 0.051582 0.047512
0 0.420134 0.814478 0.050225 0.047512
0 0.333937 0.971268 0.046154 0.027151
0 0.851285 0.774747 0.056109 0.046038
0 0.774314 0.788413 0.043163 0.044599
0 0.983549 0.820065 0.032902 0.038846
0 0.833303 0.932284 0.034528 0.038846
0 0.513189 0.713600 0.050354 0.038846
0 0.580089 0.709285 0.069060 0.050355
0 0.516065 0.612890 0.050354 0.047478
0 0.324715 0.520095 0.035968 0.063302
0 0.334071 0.358238 0.051794 0.035967
0 0.204586 0.401399 0.043163 0.033091
0 0.308889 0.780500 0.056109 0.037405
