0 0.330602 0.370554 0.041907 0.050289
0 0.223041 0.744225 0.050287 0.020954
0 0.681225 0.140763 0.044701 0.029335
0 0.591126 0.205018 0.040510 0.026543
0 0.606490 0.363571 0.029334 0.030734
0 0.716149 0.384520 0.030733 0.044700
0 0.707068 0.209209 0.023747 0.046098
0 0.847457 0.149842 0.033527 0.055878
0 0.982260 0.057645 0.026540 0.055878
0 0.671448 0.568217 0.050287 0.032128
0 0.731513 0.587075 0.044701 0.053082
0 0.809740 0.360774 0.025144 0.050289
0 0.844664 0.325152 0.022350 0.043306
0 0.869808 0.256005 0.022350 0.036318
0 0.915907 0.426428 0.025144 0.067052
0 0.884476 0.675778 0.037717 0.043306
0 0.757358 0.915349 0.032130 0.055878
0 0.977510 0.602440 0.044980 0.033526
0 0.974817 0.966848 0.037263 0.032123
0 0.479286 0.014807 0.044493 0.029613
