0 0.940218 0.515762 0.058149 0.022955
0 0.889717 0.632830 0.055089 0.058151
0 0.853754 0.824883 0.047442 0.047440
0 0.780300 0.799633 0.044377 0.030606
0 0.737451 0.700164 0.050502 0.036728
0 0.603549 0.604519 0.052029 0.044379
0 0.408438 0.789685 0.056622 0.059683
0 0.592837 0.702459 0.045909 0.050500
0 0.638746 0.692511 0.045909 0.048969
0 0.614262 0.892217 0.076514 0.053561
0 0.787952 0.397930 0.056622 0.041318
0 0.711438 0.414761 0.053562 0.044379
0 0.637218 0.180627 0.052029 0.038257
0 0.661703 0.216589 0.042849 0.030606
0 0.366355 0.311468 0.045909 0.048969
0 0.368649 0.471383 0.068862 0.038257
0 0.399254 0.516528 0.053562 0.048969
0 0.318148 0.629769 0.084166 0.033667
0 0.111558 0.658080 0.044377 0.035196
0 0.961638 0.941952 0.067334 0.036728
0 0.557428 0.166644 0.045286 0.033472
