0 0.879822 0.368174 0.029118 0.045498
0 0.811574 0.303568 0.027299 0.047317
0 0.900752 0.675748 0.030938 0.038220
0 0.776996 0.846822 0.030938 0.034578
0 0.800655 0.859560 0.020019 0.049140
0 0.605011 0.701225 0.021839 0.052777
0 0.598640 0.845003 0.030938 0.060060
0 0.483984 0.554718 0.023659 0.050958
0 0.351128 0.694855 0.023659 0.058237
0 0.332018 0.854100 0.029118 0.038220
0 0.437575 0.972095 0.021839 0.055810
0 0.013303 0.304269 0.026606 0.047418
0 0.183087 0.636194 0.034773 0.034772
0 0.317440 0.640149 0.022130 0.039517
0 0.209168 0.708905 0.026870 0.034772
0 0.129347 0.793468 0.034773 0.030032
0 0.177555 0.964172 0.042676 0.048997
0 0.538843 0.117000 0.038371 0.034334
0 0.160994 0.750725 0.030037 0.043500
0 0.590063 0.783235 0.034529 0.034528
0 0.892156 0.839622 0.027060 0.045462
