0 0.032126 0.016289 0.051582 0.032578
0 0.079637 0.037331 0.035294 0.058372
0 0.395929 0.042082 0.054300 0.038010
0 0.537783 0.020362 0.039365 0.035295
0 0.600903 0.019683 0.046154 0.039366
0 0.729866 0.080770 0.048868 0.050225
0 0.668777 0.124886 0.059728 0.035295
0 0.282515 0.189047 0.038843 0.037405
0 0.143680 0.312056 0.028772 0.044599
0 0.135049 0.352340 0.037408 0.030214
0 0.224966 0.299109 0.053234 0.053232
0 0.295462 0.292634 0.044598 0.025897
0 0.328554 0.391186 0.050354 0.027335
0 0.480335 0.266737 0.063305 0.054670
0 0.526378 0.358815 0.066180 0.048917
0 0.591838 0.292634 0.047478 0.051793
0 0.706932 0.502686 0.044598 0.037405
0 0.014291 0.513476 0.028582 0.035967
0 0.522815 0.766484 0.058671 0.032130
