0 0.607018 0.402723 0.045909 0.044379
0 0.667466 0.556519 0.059682 0.042850
0 0.440218 0.984238 0.058149 0.022955
0 0.389717 0.867170 0.055089 0.058151
0 0.353754 0.675117 0.047442 0.047440
0 0.280300 0.700367 0.044377 0.030606
0 0.237451 0.799836 0.050502 0.036728
0 0.103549 0.895481 0.052029 0.044379
0 0.092837 0.797541 0.045909 0.050500
0 0.138746 0.807489 0.045909 0.048969
0 0.114262 0.607783 0.076514 0.053561
0 0.491482 0.473118 0.053562 0.041318
0 0.461638 0.558048 0.067334 0.036728
0 0.778411 0.548868 0.039789 0.036728
