0 0.189594 0.019231 0.048868 0.038462
0 0.367420 0.036426 0.046154 0.044797
0 0.366742 0.184389 0.055657 0.036652
0 0.326020 0.211539 0.061085 0.036652
0 0.503846 0.214933 0.077377 0.057014
0 0.632126 0.305203 0.059728 0.071945
0 0.659957 0.487783 0.058371 0.035295
0 0.597511 0.518327 0.039365 0.044797
0 0.293440 0.418551 0.050225 0.040723
0 0.501132 0.535295 0.047511 0.029864
0 0.197735 0.393439 0.054300 0.033937
0 0.061314 0.523078 0.061085 0.040723
0 0.089818 0.597738 0.074658 0.048870
0 0.276469 0.708370 0.024434 0.050225
0 0.353168 0.681222 0.031223 0.052941
0 0.470588 0.709728 0.051582 0.047512
0 0.579866 0.781675 0.050225 0.047512
0 0.666063 0.624886 0.046154 0.027151
0 0.957238 0.519682 0.047511 0.061085
0 0.148715 0.821407 0.056109 0.046038
0 0.225686 0.807741 0.043163 0.044599
0 0.016451 0.776089 0.032902 0.038846
0 0.166697 0.663870 0.034528 0.038846
0 0.486811 0.882554 0.050354 0.038846
0 0.419911 0.886869 0.069060 0.050355
0 0.483935 0.979763 0.050354 0.040475
0 0.691111 0.815654 0.056109 0.037405
