0 0.679798 0.779520 0.049098 0.042086
0 0.878828 0.901391 0.015780 0.026304
0 0.919162 0.376199 0.047345 0.035071
0 0.679798 0.062311 0.049098 0.028057
0 0.769231 0.054419 0.038580 0.029812
0 0.361526 0.181553 0.033318 0.049101
0 0.513211 0.129822 0.038580 0.036824
0 0.435178 0.471769 0.050852 0.036824
0 0.397475 0.373567 0.052606 0.047346
0 0.332592 0.307809 0.045591 0.042086
0 0.221242 0.292027 0.050852 0.042086
0 0.279986 0.202594 0.031565 0.042086
0 0.143209 0.316576 0.028057 0.052606
0 0.110768 0.317453 0.040334 0.040331
0 0.298397 0.610300 0.050852 0.040331
0 0.161620 0.783024 0.054360 0.042086
0 0.147594 0.822481 0.064883 0.040331
0 0.026012 0.800561 0.052023 0.035071
0 0.116029 0.107902 0.078909 0.038579
0 0.320597 0.987591 0.057840 0.024819
0 0.213811 0.593287 0.034112 0.031146
0 0.894257 0.141751 0.067006 0.045762
