0 0.889717 0.036676 0.055089 0.058151
0 0.853754 0.228729 0.047442 0.047440
0 0.780300 0.203479 0.044377 0.030606
0 0.737451 0.104010 0.050502 0.036728
0 0.603549 0.015277 0.052029 0.030555
0 0.408438 0.193531 0.056622 0.059683
0 0.592837 0.106305 0.045909 0.050500
0 0.638746 0.096357 0.045909 0.048969
0 0.614262 0.296063 0.076514 0.053561
0 0.318148 0.033615 0.084166 0.033667
0 0.111558 0.061927 0.044377 0.035196
0 0.470414 0.507242 0.055089 0.032135
0 0.982350 0.430728 0.035299 0.041318
0 0.961638 0.345798 0.067334 0.036728
0 0.286777 0.681699 0.045909 0.047440
