0 0.631826 0.879822 0.045498 0.029118
0 0.696432 0.811574 0.047317 0.027299
0 0.324252 0.900752 0.038220 0.030938
0 0.153178 0.776996 0.034578 0.030938
0 0.140440 0.800655 0.049140 0.020019
0 0.298775 0.605011 0.052777 0.021839
0 0.154997 0.598640 0.060060 0.030938
0 0.445282 0.483984 0.050958 0.023659
0 0.305145 0.351128 0.058237 0.023659
0 0.145900 0.332018 0.038220 0.029118
0 0.027905 0.437575 0.055810 0.021839
0 0.695731 0.013303 0.047418 0.026606
0 0.363806 0.183087 0.034772 0.034773
0 0.359851 0.317440 0.039517 0.022130
0 0.291095 0.209168 0.034772 0.026870
0 0.206532 0.129347 0.030032 0.034773
0 0.035828 0.177555 0.048997 0.042676
0 0.883000 0.538843 0.034334 0.038371
0 0.249275 0.160994 0.043500 0.030037
0 0.216765 0.590063 0.034528 0.034529
0 0.160378 0.892156 0.045462 0.027060
