0 0.561314 0.976922 0.061085 0.040723
0 0.589818 0.902262 0.074658 0.048870
0 0.776469 0.791630 0.024434 0.050225
0 0.853168 0.818778 0.031223 0.052941
0 0.970588 0.790272 0.051582 0.047512
0 0.214223 0.672837 0.056109 0.043161
0 0.032229 0.849799 0.054669 0.060425
0 0.272492 0.631115 0.040283 0.051793
0 0.258106 0.600181 0.037408 0.030214
0 0.648715 0.678593 0.056109 0.046038
0 0.725686 0.692259 0.043163 0.044599
0 0.511320 0.723911 0.043163 0.038846
0 0.666697 0.836130 0.034528 0.038846
0 0.980817 0.617446 0.038366 0.038846
0 0.919911 0.613131 0.069060 0.050355
0 0.979379 0.516736 0.041242 0.047478
