0 0.256306 0.060215 0.081337 0.069987
0 0.336697 0.222887 0.064311 0.054854
0 0.397228 0.104666 0.049182 0.041614
0 0.439786 0.121689 0.020806 0.034049
0 0.069042 0.593631 0.066203 0.035939
0 0.544768 0.518916 0.083229 0.034049
0 0.584488 0.560530 0.045397 0.068097
0 0.697038 0.401640 0.054854 0.037831
0 0.788778 0.406368 0.041612 0.058639
0 0.777429 0.180328 0.056746 0.068097
0 0.849305 0.173708 0.034048 0.062422
0 0.987074 0.430013 0.025852 0.049182
0 0.783102 0.687264 0.052962 0.060529
0 0.838902 0.552017 0.081337 0.054854
0 0.713114 0.488650 0.071880 0.049182
0 0.714346 0.792745 0.039789 0.041318
0 0.633240 0.814172 0.052029 0.068863
0 0.852069 0.894512 0.073454 0.058151
0 0.324882 0.652725 0.047442 0.033667
0 0.445011 0.421649 0.055089 0.042850
