0 0.629446 0.669398 0.050289 0.041907
0 0.255775 0.776959 0.020954 0.050287
0 0.859237 0.318775 0.029335 0.044701
0 0.794982 0.408874 0.026543 0.040510
0 0.636429 0.393510 0.030734 0.029334
0 0.615480 0.283851 0.044700 0.030733
0 0.790791 0.292932 0.046098 0.023747
0 0.850158 0.152543 0.055878 0.033527
0 0.942355 0.017740 0.055878 0.026540
0 0.431783 0.328552 0.032128 0.050287
0 0.412925 0.268487 0.053082 0.044701
0 0.639226 0.190260 0.050289 0.025144
0 0.674848 0.155336 0.043306 0.022350
0 0.743995 0.130192 0.036318 0.022350
0 0.573572 0.084093 0.067052 0.025144
0 0.324222 0.115524 0.043306 0.037717
0 0.084651 0.242642 0.055878 0.032130
0 0.397560 0.022490 0.033526 0.044980
0 0.033152 0.025183 0.032123 0.037263
0 0.985193 0.520714 0.029613 0.044493
