0 0.353958 0.320865 0.029271 0.045129
0 0.865020 0.628841 0.031712 0.034152
0 0.856482 0.686170 0.034154 0.029274
0 0.846115 0.717272 0.042688 0.025614
0 0.693042 0.598350 0.048789 0.024393
0 0.307611 0.690438 0.048789 0.028054
0 0.402138 0.648357 0.035372 0.036590
0 0.707677 0.892299 0.036591 0.026834
0 0.785737 0.905106 0.026834 0.032932
0 0.921125 0.929502 0.048789 0.032932
0 0.069231 0.973530 0.038008 0.035295
0 0.538265 0.779938 0.040445 0.032117
0 0.494252 0.932791 0.045203 0.021410
0 0.864194 0.529541 0.042822 0.026169
