0 0.964059 0.197017 0.045002 0.029700
0 0.800252 0.297822 0.039602 0.038700
0 0.825453 0.455326 0.025201 0.049500
0 0.603145 0.703740 0.036001 0.053100
0 0.591444 0.780240 0.028802 0.031500
0 0.821852 0.860792 0.034202 0.045000
0 0.776851 0.846845 0.041401 0.045900
0 0.986980 0.693840 0.026040 0.044100
0 0.676496 0.128617 0.024300 0.029700
0 0.095095 0.351448 0.033875 0.029640
0 0.173959 0.644142 0.053987 0.049754
0 0.203070 0.708185 0.050812 0.067749
0 0.150671 0.850565 0.028581 0.034934
0 0.100919 0.886555 0.030700 0.051872
0 0.037069 0.594683 0.029020 0.047594
0 0.334817 0.892431 0.027859 0.048752
0 0.318565 0.859348 0.030180 0.038308
0 0.329593 0.790278 0.033664 0.044109
0 0.359773 0.619643 0.033664 0.062682
0 0.477081 0.557954 0.030032 0.066388
