0 0.629446 0.573244 0.050289 0.041907
0 0.255775 0.680805 0.020954 0.050287
0 0.859237 0.222621 0.029335 0.044701
0 0.794982 0.312720 0.026543 0.040510
0 0.636429 0.297356 0.030734 0.029334
0 0.615480 0.187697 0.044700 0.030733
0 0.790791 0.196779 0.046098 0.023747
0 0.850158 0.056389 0.055878 0.033527
0 0.431783 0.232398 0.032128 0.050287
0 0.412925 0.172333 0.053082 0.044701
0 0.639226 0.094106 0.050289 0.025144
0 0.674848 0.059182 0.043306 0.022350
0 0.743995 0.034039 0.036318 0.022350
0 0.324222 0.019370 0.043306 0.037717
0 0.084651 0.146488 0.055878 0.032130
0 0.985193 0.424560 0.029613 0.044493
