0 0.430960 0.356249 0.056317 0.033789
0 0.015561 0.477015 0.031122 0.037543
0 0.183174 0.562114 0.033789 0.030035
0 0.380278 0.600283 0.050058 0.023778
0 0.141875 0.681628 0.036291 0.038794
0 0.212583 0.711037 0.032538 0.032538
0 0.196314 0.688513 0.027531 0.032538
0 0.360880 0.704155 0.033789 0.023778
0 0.580512 0.731061 0.047557 0.037543
0 0.583014 0.684131 0.052560 0.043802
0 0.268895 0.876856 0.042549 0.021275
0 0.304563 0.839939 0.033789 0.035040
0 0.362758 0.813658 0.035040 0.037543
0 0.140625 0.853704 0.048808 0.035040
0 0.063031 0.972530 0.051309 0.054940
0 0.978559 0.760426 0.042882 0.029002
0 0.723035 0.778553 0.039360 0.019679
0 0.666068 0.882648 0.026931 0.029002
0 0.600298 0.977575 0.036254 0.044849
0 0.970891 0.963479 0.044460 0.058221
0 0.742905 0.221802 0.046038 0.034529
