0 0.467874 0.016289 0.051582 0.032578
0 0.420363 0.037331 0.035294 0.058372
0 0.104071 0.042082 0.054300 0.038010
0 0.217485 0.189047 0.038843 0.037405
0 0.536878 0.244436 0.044598 0.035967
0 0.356320 0.312056 0.028772 0.044599
0 0.364951 0.352340 0.037408 0.030214
0 0.275034 0.299109 0.053234 0.053232
0 0.204538 0.292634 0.044598 0.025897
0 0.171446 0.391186 0.050354 0.027335
0 0.025658 0.266737 0.051317 0.054670
0 0.493000 0.513476 0.043163 0.035967
0 0.634711 0.542971 0.050354 0.034529
0 0.709526 0.381113 0.044598 0.061864
