0 0.679135 0.353958 0.045129 0.029271
0 0.371159 0.865020 0.034152 0.031712
0 0.313830 0.856482 0.029274 0.034154
0 0.282728 0.846115 0.025614 0.042688
0 0.401650 0.693042 0.024393 0.048789
0 0.309562 0.307611 0.028054 0.048789
0 0.351643 0.402138 0.036590 0.035372
0 0.107701 0.707677 0.026834 0.036591
0 0.094894 0.785737 0.032932 0.026834
0 0.070498 0.921125 0.032932 0.048789
0 0.026470 0.069231 0.035295 0.038008
0 0.220062 0.538265 0.032117 0.040445
0 0.067209 0.494252 0.021410 0.045203
0 0.470459 0.864194 0.026169 0.042822
