0 0.532126 0.016289 0.051582 0.032578
0 0.579637 0.037331 0.035294 0.058372
0 0.895929 0.042082 0.054300 0.038010
0 0.782515 0.189047 0.038843 0.037405
0 0.463122 0.244436 0.044598 0.035967
0 0.643680 0.312056 0.028772 0.044599
0 0.635049 0.352340 0.037408 0.030214
0 0.724966 0.299109 0.053234 0.053232
0 0.795462 0.292634 0.044598 0.025897
0 0.828554 0.391186 0.050354 0.027335
0 0.974342 0.266737 0.051317 0.054670
0 0.507000 0.513476 0.043163 0.035967
0 0.365289 0.542971 0.050354 0.034529
0 0.290474 0.381113 0.044598 0.061864
