0 0.181225 0.140763 0.044701 0.029335
0 0.091126 0.205018 0.040510 0.026543
0 0.106490 0.363571 0.029334 0.030734
0 0.216149 0.384520 0.030733 0.044700
0 0.207068 0.209209 0.023747 0.046098
0 0.347457 0.149842 0.033527 0.055878
0 0.482260 0.057645 0.026540 0.055878
0 0.171448 0.568217 0.050287 0.032128
0 0.231513 0.587075 0.044701 0.053082
0 0.309740 0.360774 0.025144 0.050289
0 0.344664 0.325152 0.022350 0.043306
0 0.369808 0.256005 0.022350 0.036318
0 0.415907 0.426428 0.025144 0.067052
0 0.384476 0.675778 0.037717 0.043306
0 0.257358 0.915349 0.032130 0.055878
0 0.481562 0.602440 0.053084 0.033526
0 0.474817 0.966848 0.037263 0.032123
0 0.564760 0.477945 0.032122 0.056534
0 0.675904 0.632131 0.041118 0.041118
0 0.590457 0.289702 0.037263 0.037260
0 0.607805 0.200403 0.028267 0.046255
0 0.857718 0.398920 0.026982 0.037260
0 0.808892 0.361660 0.034692 0.039831
0 0.785122 0.343669 0.028267 0.042402
0 0.905259 0.169563 0.029552 0.035977
