0 0.569040 0.356249 0.056317 0.033789
0 0.984439 0.477015 0.031122 0.037543
0 0.816826 0.562114 0.033789 0.030035
0 0.619722 0.600283 0.050058 0.023778
0 0.858125 0.681628 0.036291 0.038794
0 0.787417 0.711037 0.032538 0.032538
0 0.803686 0.688513 0.027531 0.032538
0 0.639120 0.704155 0.033789 0.023778
0 0.419488 0.731061 0.047557 0.037543
0 0.416986 0.684131 0.052560 0.043802
0 0.731105 0.876856 0.042549 0.021275
0 0.695437 0.839939 0.033789 0.035040
0 0.637242 0.813658 0.035040 0.037543
0 0.859375 0.853704 0.048808 0.035040
0 0.936969 0.972530 0.051309 0.054940
0 0.021441 0.760426 0.042882 0.029002
0 0.276965 0.778553 0.039360 0.019679
0 0.333932 0.882648 0.026931 0.029002
0 0.399702 0.977575 0.036254 0.044849
0 0.029109 0.963479 0.044460 0.058221
0 0.257095 0.221802 0.046038 0.034529
