0 0.963120 0.012218 0.066517 0.024435
0 0.919006 0.046833 0.038008 0.066516
0 0.659049 0.063123 0.061085 0.042081
0 0.498868 0.019683 0.096378 0.039366
0 0.394343 0.027149 0.058371 0.051583
0 0.266742 0.053619 0.036651 0.066516
0 0.330545 0.124208 0.066517 0.036653
0 0.910182 0.329185 0.039365 0.066516
0 0.860635 0.318325 0.024434 0.077376
0 0.777148 0.294571 0.047511 0.024435
0 0.722852 0.183935 0.042083 0.063800
0 0.492762 0.259276 0.054300 0.048870
0 0.410635 0.293890 0.044797 0.063800
0 0.439818 0.353620 0.051582 0.036653
0 0.028505 0.230090 0.054300 0.042081
0 0.661763 0.390273 0.088237 0.044797
0 0.292532 0.515838 0.063803 0.038010
0 0.474392 0.770674 0.053082 0.034923
0 0.390577 0.604442 0.039115 0.037717
