0 0.056934 0.702594 0.052606 0.038579
0 0.146366 0.678045 0.052606 0.066635
0 0.214752 0.703472 0.059622 0.054361
0 0.059565 0.980536 0.064883 0.036824
0 0.080606 0.922668 0.068391 0.047346
0 0.339257 0.932312 0.052606 0.056113
0 0.287528 0.801671 0.064883 0.050853
0 0.198095 0.945465 0.061375 0.043839
0 0.600538 0.973171 0.063129 0.053658
0 0.703120 0.974924 0.064883 0.050152
0 0.675940 0.868307 0.080663 0.050853
0 0.532148 0.750818 0.059622 0.047346
0 0.579497 0.713994 0.049098 0.047346
0 0.625088 0.668400 0.077155 0.068388
0 0.899518 0.720131 0.057868 0.056113
0 0.961771 0.975801 0.056114 0.048398
0 0.636488 0.447452 0.061375 0.047346
0 0.600538 0.247546 0.059622 0.036824
0 0.568974 0.543897 0.052606 0.050853
0 0.405017 0.611410 0.036826 0.035071
