0 0.069040 0.643751 0.056317 0.033789
0 0.611546 0.576798 0.035040 0.045054
0 0.492031 0.522985 0.046306 0.037543
0 0.316826 0.437886 0.033789 0.030035
0 0.119722 0.399717 0.050058 0.023778
0 0.358125 0.318372 0.036291 0.038794
0 0.287417 0.288963 0.032538 0.032538
0 0.303686 0.311487 0.027531 0.032538
0 0.139120 0.295845 0.033789 0.023778
0 0.231105 0.123144 0.042549 0.021275
0 0.195437 0.160061 0.033789 0.035040
0 0.137242 0.186342 0.035040 0.037543
0 0.359375 0.146296 0.048808 0.035040
0 0.436969 0.027470 0.051309 0.054940
