0 0.673959 0.144142 0.053987 0.049754
0 0.703070 0.208185 0.050812 0.067749
0 0.650671 0.350565 0.028581 0.034934
0 0.600919 0.386555 0.030700 0.051872
0 0.537069 0.094683 0.029020 0.047594
0 0.225390 0.715715 0.053398 0.054558
0 0.385002 0.477169 0.031341 0.048752
0 0.716995 0.596735 0.052237 0.065008
0 0.834817 0.392431 0.027859 0.048752
0 0.818565 0.359348 0.030180 0.038308
0 0.829593 0.290278 0.033664 0.044109
0 0.859773 0.119643 0.033664 0.062682
0 0.977081 0.057954 0.030032 0.066388
0 0.972340 0.607217 0.055321 0.039517
0 0.873551 0.668860 0.037935 0.045840
0 0.968389 0.973918 0.047419 0.052158
0 0.811116 0.812698 0.052159 0.061643
