0 0.422146 0.102300 0.027937 0.029334
0 0.640763 0.181225 0.029335 0.044701
0 0.705018 0.091126 0.026543 0.040510
0 0.863571 0.106490 0.030734 0.029334
0 0.884520 0.216149 0.044700 0.030733
0 0.709209 0.207068 0.046098 0.023747
0 0.649842 0.347457 0.055878 0.033527
0 0.557645 0.482260 0.055878 0.026540
0 0.860774 0.309740 0.050289 0.025144
0 0.825152 0.344664 0.043306 0.022350
0 0.756005 0.369808 0.036318 0.022350
0 0.926428 0.415907 0.067052 0.025144
0 0.974839 0.564760 0.050322 0.032122
0 0.789702 0.590457 0.037260 0.037263
0 0.700403 0.607805 0.046255 0.028267
0 0.898920 0.857718 0.037260 0.026982
0 0.861660 0.808892 0.039831 0.034692
0 0.843669 0.785122 0.042402 0.028267
0 0.098423 0.837803 0.047543 0.023129
0 0.307865 0.807607 0.044972 0.021844
0 0.439565 0.821097 0.035977 0.028267
0 0.669563 0.905259 0.035977 0.029552
