0 0.370554 0.573244 0.050289 0.041907
0 0.744225 0.680805 0.020954 0.050287
0 0.140763 0.222621 0.029335 0.044701
0 0.205018 0.312720 0.026543 0.040510
0 0.363571 0.297356 0.030734 0.029334
0 0.384520 0.187697 0.044700 0.030733
0 0.209209 0.196779 0.046098 0.023747
0 0.149842 0.056389 0.055878 0.033527
0 0.568217 0.232398 0.032128 0.050287
0 0.587075 0.172333 0.053082 0.044701
0 0.360774 0.094106 0.050289 0.025144
0 0.325152 0.059182 0.043306 0.022350
0 0.256005 0.034039 0.036318 0.022350
0 0.675778 0.019370 0.043306 0.037717
0 0.915349 0.146488 0.055878 0.032130
0 0.014807 0.424560 0.029613 0.044493
