0 0.641405 0.815611 0.044797 0.063800
0 0.715385 0.819004 0.051582 0.046154
0 0.366517 0.716516 0.054300 0.085520
0 0.793440 0.592308 0.071945 0.051583
0 0.963120 0.487782 0.066517 0.024435
0 0.919006 0.453167 0.038008 0.066516
0 0.735069 0.537330 0.077377 0.033937
0 0.714706 0.593666 0.063803 0.038010
0 0.659049 0.436877 0.061085 0.042081
0 0.495475 0.538010 0.065160 0.038010
0 0.498868 0.487104 0.096378 0.052941
0 0.394343 0.472851 0.058371 0.051583
0 0.266742 0.446381 0.036651 0.066516
0 0.330545 0.375792 0.066517 0.036653
0 0.910182 0.170815 0.039365 0.066516
0 0.860635 0.181675 0.024434 0.077376
0 0.777148 0.205429 0.047511 0.024435
0 0.722852 0.316065 0.042083 0.063800
0 0.492762 0.240724 0.054300 0.048870
0 0.410635 0.206110 0.044797 0.063800
0 0.439818 0.146380 0.051582 0.036653
0 0.028505 0.269910 0.054300 0.042081
0 0.661763 0.109727 0.088237 0.044797
