0 0.800115 0.296902 0.043161 0.041723
0 0.818817 0.356611 0.060425 0.031652
0 0.720268 0.450843 0.047478 0.027337
0 0.723863 0.627086 0.077690 0.048918
0 0.610925 0.209140 0.041723 0.053234
0 0.598695 0.280355 0.051793 0.043163
0 0.555534 0.350855 0.051793 0.043163
0 0.480001 0.506232 0.038846 0.031652
0 0.488633 0.590398 0.058987 0.056109
0 0.508058 0.683195 0.051793 0.054669
0 0.486476 0.040187 0.034529 0.080373
0 0.409505 0.091886 0.082007 0.077691
0 0.402311 0.200509 0.038846 0.061865
0 0.407348 0.329994 0.046038 0.044598
0 0.372692 0.661037 0.038579 0.054360
0 0.313723 0.279515 0.038561 0.032626
0 0.215840 0.043702 0.038561 0.044492
0 0.181729 0.140846 0.065257 0.031145
0 0.191369 0.214258 0.048943 0.026695
0 0.174312 0.614694 0.044493 0.035594
0 0.218065 0.578357 0.034111 0.054872
0 0.265523 0.511618 0.045975 0.057840
0 0.118697 0.425597 0.037078 0.054872
0 0.154290 0.533865 0.040043 0.031145
0 0.156515 0.900931 0.062290 0.029663
