0 0.296902 0.199885 0.041723 0.043161
0 0.356611 0.181182 0.031652 0.060425
0 0.450843 0.279732 0.027337 0.047478
0 0.627086 0.276137 0.048918 0.077690
0 0.209140 0.389075 0.053234 0.041723
0 0.280355 0.401305 0.043163 0.051793
0 0.350855 0.444466 0.043163 0.051793
0 0.506232 0.519999 0.031652 0.038846
0 0.590398 0.511367 0.056109 0.058987
0 0.683195 0.491942 0.054669 0.051793
0 0.040187 0.513524 0.080373 0.034529
0 0.091886 0.590495 0.077691 0.082007
0 0.200509 0.597689 0.061865 0.038846
0 0.329994 0.592652 0.044598 0.046038
0 0.661037 0.627308 0.054360 0.038579
0 0.279515 0.686277 0.032626 0.038561
0 0.043702 0.784160 0.044492 0.038561
0 0.140846 0.818271 0.031145 0.065257
0 0.214258 0.808631 0.026695 0.048943
0 0.614694 0.825688 0.035594 0.044493
0 0.578357 0.781935 0.054872 0.034111
0 0.511618 0.734477 0.057840 0.045975
0 0.425597 0.881303 0.054872 0.037078
0 0.533865 0.845710 0.031145 0.040043
0 0.900931 0.843485 0.029663 0.062290
