0 0.577854 0.897700 0.027937 0.029334
0 0.359237 0.818775 0.029335 0.044701
0 0.294982 0.908874 0.026543 0.040510
0 0.136429 0.893510 0.030734 0.029334
0 0.115480 0.783851 0.044700 0.030733
0 0.290791 0.792932 0.046098 0.023747
0 0.350158 0.652543 0.055878 0.033527
0 0.442355 0.517740 0.055878 0.026540
0 0.139226 0.690260 0.050289 0.025144
0 0.174848 0.655336 0.043306 0.022350
0 0.243995 0.630192 0.036318 0.022350
0 0.073572 0.584093 0.067052 0.025144
0 0.025161 0.435240 0.050322 0.032122
0 0.210298 0.409543 0.037260 0.037263
0 0.299597 0.392195 0.046255 0.028267
0 0.101080 0.142282 0.037260 0.026982
0 0.138340 0.191108 0.039831 0.034692
0 0.156331 0.214878 0.042402 0.028267
0 0.901577 0.162197 0.047543 0.023129
0 0.692135 0.192393 0.044972 0.021844
0 0.560435 0.178903 0.035977 0.028267
0 0.330437 0.094741 0.035977 0.029552
